-0.0009728155796011606
-0.0009969360769161995
-0.0010309629758040728
-0.0010599550132326385
-0.0010873586599444707
-0.001116718872864908
-0.001135625081488456
-0.0011564493390778807
-0.0011753868001136425
-0.0011854404855426992
-0.0011961726775240322
-0.0012024420782523748
-0.0012042411486845594
-0.001203953023278359
-0.0012049987458340183
-0.0012046678539405775
-0.001204892515019651
-0.0012045645016343087
-0.0012045407881515757
-0.001204337647408238
-0.001204143827550297
-0.0012039808488992776
-0.0012037929231496491
-0.0012036270659905313
-0.0012034113145915626
-0.001203170890235583
-0.0012026498794455165
-0.0012019650675796356
-0.0012016177270339767
-0.0012014304866312386
-0.0012011390714974368
-0.0012008982359361653
-0.0012006265591679721
-0.0012005052503951674
-0.0012003232187538515
-0.0012000840280421698
-0.0012000139842172075
-0.0011999941087879051
-0.001199941610195765
-0.0012000611370126535
-0.0012000631930817462
-0.0012000634672233446
-0.00120006360431546
-0.00120006360431546
-0.00120006360431546
-0.00120006360431546
-0.00120006360431546
-0.00120006360431546
-0.00120006360431546
-0.00120006360431546
-0.00120006360431546
-0.00120006360431546
-0.00120006360431546
-0.00120006360431546
-0.00120006360431546
-0.00120006360431546
-0.00120006360431546
-0.00120006360431546
-0.00120006360431546
-0.00120006360431546
-0.00120006360431546
-0.00120006360431546
-0.00120006360431546
-0.00120006360431546
-0.00120006360431546
-0.00120006360431546
-0.0012000594921488528
-0.0011999828688828984
-0.0011998037157354702
-0.0011996011232611181
-0.0011995783692952955
-0.0011995346433195664
-0.0011994733721394368
-0.0011993369854366165
-0.0011991230160077748
-0.0011988902677018132
-0.001198681918211264
-0.001198655463298337
-0.0011986387405045207
-0.0011985704786212636
-0.0011984487586857995
-0.0011982580914633445
-0.0011979991623860542
-0.0011977309124091562
-0.0011964534010644456
-0.001192643346797695
-0.001186831081327
-0.001176022129001808
-0.0011678053459007742
-0.0011537176305012053
-0.0011327020888955985
-0.0011144020128028842
-0.0010945253341816397
-0.0010665114427723665
-0.0010355499543521773
-0.0010145659393003825
-0.0009937661490653227
-0.0009571156914631729
-0.0009253318393547261
-0.0009014630748254149
-0.0008698835285798623
-0.0008306629703440649
-0.0008015499668374559
-0.0007743148501901942
-0.0007384604384270688
-0.0007021017386392714
-0.0006746957617025373
-0.0006407113551745169
-0.0006013762732379746
-0.0005741180256819689
-0.0005498233783356454
-0.0005135860558311833
-0.0004885205153613015
-0.00048217795243488126
-0.00046426808617638926
-0.0004374779396272288
-0.0004273090108881661
-0.00042751139774566127
-0.0004275360707026721
-0.0004275386750691723
