-0.08914844691753387
73566.1875
16.3016357421875
350.70050048828125
198.0771484375
437.9224853515625
433.425537109375
225.45175170898438
454.539794921875
476.7054443359375
197.84649658203125
360.81170654296875
253.91348266601562
102.19506072998047
-16.162757873535156
56.84499740600586
-16.051977157592773
22.78868293762207
-10.133993148803711
5.952923774719238
-1.5966238975524902
0.004900455474853516
2.673642635345459
-3.6517443656921387
4.419089317321777
2.262924909591675
5.109689712524414
4.367539405822754
-7.377907752990723
-2.4026451110839844
-0.5675616264343262
-3.3229637145996094
3.6488404273986816
-3.3696765899658203
0.7148227691650391
1.2874279022216797
5.2603912353515625
-0.08777976036071777
-1.0348706245422363
-8.482918739318848
-2.2839455604553223
0.09037518501281738
0.0038966648280620575
0.0003797112440224737
-0.019893834367394447
0.014988698996603489
0.0050042965449392796
4.466460268304218e-06
0.009988861158490181
-6.239081358216936e-07
-6.250037927202357e-07
-6.230807798601745e-07
0.004994119051843882
0.004999206401407719
-0.005000454373657703
0.00999394804239273
-6.235702585399849e-07
-0.004995366558432579
4.466862719709752e-06
0.009993950836360455
0.00999394804239273
-0.009985019452869892
-0.004995367024093866
-0.004990277346223593
0.004994119983166456
-5.714808139600791e-06
0.4064481854438782
2.4651033878326416
1.9350180625915527
-0.5004901885986328
-0.42702579498291016
-0.11181354522705078
-0.6185598373413086
0.28850650787353516
-0.09207558631896973
0.2540578842163086
0.11794281005859375
-0.16197776794433594
0.11700892448425293
-0.041283607482910156
-0.2061309814453125
-0.029597759246826172
-0.02226543426513672
2.994124412536621
60.30353546142578
32.44056701660156
64.56428527832031
346.9886779785156
54.92608642578125
59.4368896484375
150.21234130859375
249.86590576171875
110.12396240234375
130.75180053710938
284.61773681640625
91.91616821289062
9.619232177734375
118.21493530273438
62.2110481262207
73.6519775390625
54.39739990234375
98.94699096679688
140.22650146484375
-12.447887420654297
144.68310546875
59.01080322265625
87.03903198242188
-11.891357421875
73.62783813476562
-19.21478271484375
9.440383911132812
2.779022216796875
-2.65985107421875
1.90740966796875
0.65924072265625
-0.556915283203125
0.06103515625
-0.030120849609375
0.009241580963134766
0.005933225154876709
