0.11015922576189041
-5857.921875
308.36871337890625
-1075.9188232421875
-449.3941345214844
199.853759765625
321.1223449707031
-186.14796447753906
-63.59694290161133
306.15496826171875
535.9158935546875
348.200927734375
77.74186706542969
-628.6484985351562
263.4058837890625
707.218505859375
-216.1688995361328
-630.485595703125
387.8387145996094
458.1664733886719
-629.6821899414062
-181.6981201171875
357.6042785644531
226.58428955078125
-572.704345703125
-6.864043712615967
730.7875366210938
-551.6768798828125
-1266.7581787109375
-51.07515335083008
0.6997110843658447
0.8425969481468201
13.862351417541504
2.990718364715576
5.287289142608643
5.036550045013428
-9.011194229125977
-2.1402502059936523
7.9353156089782715
-11.240376472473145
-49.07912063598633
0.7673819661140442
0.0904756560921669
0.009803935885429382
30.673046112060547
37.973167419433594
20.467626571655273
6.071393013000488
-32.84817123413086
-34.799888610839844
64.67753601074219
83.68528747558594
320.9691467285156
370.1013488769531
455.0490417480469
229.65769958496094
-389.5368347167969
-240.6549530029297
25.244068145751953
606.318115234375
-344.08160400390625
-87.35536193847656
283.49969482421875
212.72622680664062
-358.5087890625
-59.07780838012695
322.1526794433594
-39.838680267333984
-343.4441223144531
299.75738525390625
-1.8795905113220215
-614.9684448242188
-10.20665454864502
398.177734375
162.59185791015625
-844.9030151367188
-533.7803344726562
9.231729507446289
1.6956050395965576
0.17741850018501282
0.028064798563718796
0.0012075398117303848
-0.0012603509239852428
-1.043085376295494e-05
-1.0458566976012662e-05
-0.0025421222671866417
0.0013032020069658756
-4.231875573168509e-05
-1.0459149052621797e-05
2.1448222469189204e-05
-0.002605913206934929
-4.229861588100903e-05
-4.235911910654977e-05
0.0012713689357042313
5.3299416322261095e-05
0.00127127836458385
2.1471778381965123e-05
-0.0012922575697302818
-0.002542109228670597
-4.2314179154345766e-05
2.1415100491140038e-05
2.142708581232e-05
60.433868408203125
358.9175720214844
644.8617553710938
107.71647644042969
-998.0081176757812
272.7172546386719
542.408203125
619.41162109375
366.96881103515625
-97.10269927978516
-280.5857849121094
301.3081970214844
-5.973629951477051
-277.90191650390625
24.38880729675293
652.7062377929688
-491.0291748046875
-199.62550354003906
551.58544921875
160.8567352294922
-313.0165100097656
324.5771789550781
376.04168701171875
-662.439697265625
508.97113037109375
-45.159637451171875
-955.0499267578125
879.69482421875
-549.4157104492188
-455.0364074707031
320.0579528808594
389.35333251953125
-526.8860473632812
-317.296875
75.0489501953125
329.9607238769531
-677.0498657226562
-472.8869323730469
327.7691955566406
390.1010437011719
208.7255859375
-448.55706787109375
-474.1792907714844
291.9366760253906
273.82061767578125
57.504058837890625
21.50344467163086
310.1570129394531
231.9980010986328
-44.96139144897461
-247.13162231445312
529.7786254882812
-89.46826934814453
-407.3341369628906
103.52212524414062
110.64219665527344
-11.472379684448242
-441.5192565917969
72.6041488647461
328.7668762207031
29.47927474975586
-406.6112976074219
98.55370330810547
260.61907958984375
223.1398468017578
-552.8087768554688
-243.42494201660156
-502.24169921875
-98.45142364501953
157.3087921142578
302.78118896484375
340.7413330078125
282.4567565917969
172.95083618164062
-414.9273986816406
-43.23956298828125
298.3618469238281
304.498779296875
-286.4217529296875
-125.50891876220703
416.1724548339844
420.697998046875
-289.2357482910156
-589.032958984375
601.0265502929688
144.22584533691406
-413.77923583984375
230.59320068359375
302.633056640625
-1137.1820068359375
92.45712280273438
322.90045166015625
230.76904296875
-1034.967041015625
-152.09727478027344
405.3793029785156
203.25975036621094
-805.1664428710938
123.64986419677734
294.8469543457031
489.9070739746094
297.7586364746094
358.2225646972656
-450.4489440917969
-246.37106323242188
442.45220947265625
362.8278503417969
-370.50030517578125
-214.59927368164062
450.76287841796875
86.16458892822266
-510.61810302734375
-14.686633110046387
339.39617919921875
119.42555236816406
-521.9951171875
254.97171020507812
264.07940673828125
-523.1129760742188
-9.478317260742188
610.2056884765625
-283.43231201171875
-582.640869140625
406.2030334472656
465.89434814453125
-407.0166931152344
-5.575194835662842
325.4134826660156
125.99775695800781
-683.501708984375
400.5657043457031
229.21556091308594
-273.89056396484375
-245.43569946289062
534.3197021484375
-320.8619079589844
-256.42620849609375
313.8479309082031
64.49945831298828
-434.21636962890625
-254.70709228515625
372.0574951171875
268.4967956542969
-326.77911376953125
-244.6851348876953
22.046977996826172
-110.52156066894531
145.55160522460938
170.04713439941406
101.21405029296875
-355.6104736328125
-163.2814178466797
172.80145263671875
356.63018798828125
99.7344741821289
-336.3565673828125
-22.927288055419922
224.16183471679688
302.4324951171875
-431.34722900390625
-562.0637817382812
428.1165771484375
274.7430419921875
58.32933807373047
-361.9974365234375
-445.2741394042969
-118.21837615966797
-42.85117721557617
1.0328385829925537
0.15489619970321655
0.019962983205914497
2.1620653569698334e-06
0.001287973951548338
-0.0024999361485242844
3.5754870623350143e-05
0.0
-0.0012499680742621422
1.7877435311675072e-05
-3.5754870623350143e-05
-0.001214213203638792
-0.0012678455095738173
0.0
-1.7877435311675072e-05
-3.5754870623350143e-05
0.001214213203638792
-1.7877435311675072e-05
-1.7877435311675072e-05
0.0
0.0012320906389504671
1.7877435311675072e-05
-0.0012320906389504671
-0.0012678455095738173
-0.0012499680742621422
0.0012499680742621422
1.7877435311675072e-05
-1.7877435311675072e-05
-0.0012320906389504671
0.0
-0.0012499680742621422
0.0012320906389504671
0.0024641812779009342
-0.0024641812779009342
1.7877435311675072e-05
0.0024641812779009342
-0.0037141491193324327
0.001214213203638792
-0.0012499680742621422
0.0012499680742621422
0.001214213203638792
0.0037141491193324327
-0.001214213203638792
0.18323814868927002
81.20947265625
275.18865966796875
360.9267578125
336.42852783203125
-648.214111328125
-180.79917907714844
444.2080993652344
316.40771484375
398.99322509765625
312.12103271484375
-690.0018310546875
0.7968989610671997
232.194580078125
192.2957305908203
-408.8890686035156
65.26964569091797
257.1493225097656
-58.315799713134766
-448.3011779785156
417.1643371582031
1022.46728515625
-478.677978515625
-774.5457153320312
376.0717468261719
583.765625
-229.60049438476562
-460.61962890625
766.8115234375
288.11968994140625
-899.8936767578125
707.3164672851562
188.09664916992188
-584.3692626953125
161.3025665283203
-55.91343688964844
-591.3986206054688
152.37582397460938
532.2374267578125
-155.0861358642578
-569.6451416015625
461.0125427246094
18.6354923248291
-413.56719970703125
-80.84230041503906
486.8398742675781
-137.52923583984375
-271.51580810546875
-119.61013793945312
609.0261840820312
-14.909862518310547
-398.40936279296875
-127.1693115234375
468.5008850097656
-65.41497802734375
-472.2286682128906
125.36719512939453
420.1751708984375
-51.98041534423828
-383.4634704589844
-37.975189208984375
475.6001281738281
-33.288143157958984
-924.8558349609375
-530.4728393554688
321.26654052734375
480.88226318359375
-288.7140197753906
-25.445011138916016
416.6281433105469
-378.0785827636719
246.8999786376953
-6.002327919006348
-791.2693481445312
277.7105712890625
551.9291381835938
609.0225830078125
611.096923828125
-218.79937744140625
-209.89324951171875
424.9168395996094
240.59835815429688
-634.144775390625
189.08609008789062
271.3224182128906
-159.1392822265625
-337.9395751953125
125.31985473632812
420.6441650390625
-455.4227294921875
-417.43658447265625
199.89849853515625
321.16925048828125
-752.4158325195312
-313.42376708984375
264.61492919921875
-105.09284210205078
-245.50282287597656
3.5473358631134033
0.46899840235710144
0.0671229362487793
0.008107602596282959
0.001100745052099228
0.0012569944374263287
3.4997938200831413e-06
0.00031949812546372414
-0.00016324897296726704
0.00016324874013662338
-0.00015624937077518553
0.00031599856447428465
-0.0003194983582943678
0.00047574774362146854
-0.0003159984480589628
-0.00015624937077518553
-1.7763568394002505e-15
3.4997938200831413e-06
3.4997938200831413e-06
0.00016324897296726704
0.00031249874155037105
0.00031599856447428465
-0.0003159984480589628
34.326908111572266
204.4044189453125
371.98828125
118.23648834228516
-544.0454711914062
-26.300743103027344
255.76783752441406
441.35211181640625
242.93405151367188
192.84658813476562
-197.58853149414062
-154.37985229492188
361.63714599609375
371.4894104003906
-375.86944580078125
-71.69503784179688
146.0848846435547
-142.90371704101562
-55.807579040527344
270.86962890625
-218.43899536132812
-338.54498291015625
16.29341697692871
-30.671836853027344
0.06148383021354675
2.6048436164855957
-2.085665464401245
6.895651340484619
22.24485969543457
55.72928237915039
142.6356201171875
192.5416717529297
272.7572326660156
186.6192626953125
-15.685328483581543
-285.2957458496094
169.5579071044922
-172.85995483398438
-424.1456298828125
-2.1983418464660645
1.1410350799560547
0.42475423216819763
-0.6410971879959106
0.5867736339569092
1.1952613592147827
-0.5509054660797119
0.4949968755245209
0.24644619226455688
-0.1747470498085022
0.2188897728919983
-0.13851720094680786
