0.000983874551365788
0.000988612240624007
0.0009856313350936501
0.000986164545307155
0.0009861460405825217
0.0009860299405694526
0.0009843703409139234
0.000982744598050871
0.0009813933419365445
0.0009790818962218065
0.0009728510127577225
0.0009609955839733689
0.000947438131738864
0.0009337507352158237
0.0009212494230057543
0.0009011587063994554
0.0008744663950122541
0.0008537487109209755
0.0008299704824474001
0.0007958500319123468
0.0007674606316682295
0.000741606515770895
0.0007046364061783461
0.0006678954810271803
0.0006403346812305274
0.0006152132838926504
0.0005742317269477183
0.0005388803010084542
0.0005347159155337784
0.0005337768692946607
0.000532842552040727
0.0005319175556851272
0.0005308054217346718
0.0005298190171076966
0.0005285673438263036
0.0005273055272143708
0.0005260057073809229
0.0005246884793991163
0.0005231579330638993
0.0005215153303406256
0.0005215350001775505
0.000521539523554683
0.0005215402774508718
0.0005215404487909147
0.0005210898930141049
0.0005186511073794835
0.0005160536608651367
0.0005135587785004699
0.0005109622572223549
0.0005103573926029093
0.0005079959155956445
0.000503988648940308
0.0004932616999465024
0.00047179368353935617
0.0004412322398394043
0.0003999345262473131
0.0003658037953096857
0.000340914906410024
0.0003135834966628057
0.00027609890432344096
0.00023634953929702415
0.00021002442675576179
0.00017865955246064758
0.00013680107717615328
0.00010256364422680995
7.398691791379019e-05
3.9273510892272825e-05
-1.8857575356858375e-06
-3.174016039107806e-05
-6.438712082520004e-05
-9.938391571067186e-05
-0.00012507095793217463
-0.00014059114462610758
-0.0001680561053697643
-0.0002012951484561315
-0.0002201042586755427
-0.0002198219416868564
-0.00021976228108391862
-0.00021975739789269595
-0.0002197566439965072
-0.00021975654119248147
-0.00021975650692447287
-0.00021975650692447287
-0.00021975650692447287
-0.00021975650692447287
-0.00021975650692447287
-0.00021975650692447287
-0.00021975650692447287
-0.00021975650692447287
-0.00021975650692447287
-0.00021975650692447287
-0.00021975650692447287
-0.00021975650692447287
-0.00021975650692447287
-0.00021975650692447287
-0.00021975650692447287
-0.00021975650692447287
-0.00021975650692447287
-0.00021975650692447287
-0.00021975650692447287
-0.00021975650692447287
-0.00021975650692447287
-0.0002200616464068735
-0.00022597005077621543
-0.00024214139816918553
-0.0002644595696011929
-0.00026777760379995987
-0.0002742110625967646
-0.00029051345085454456
-0.0003188570347711903
-0.0003552469869784798
-0.00039359576709221923
-0.00042310854119360594
-0.00045814912202704085
-0.0004963295776826353
-0.0005271662962955103
-0.0005586785744295313
-0.0006019281937903393
-0.0006333167986813952
-0.0006635487212108417
-0.0007021643805754022
-0.000738011321918733
-0.0007655693802746994
-0.0007988304576905836
-0.0008299963890618866
-0.0008529026337891353
-0.00088031642382898
-0.0009035799468136838
-0.0009198233940967062
-0.0009389575535115029
-0.000954477328989333
-0.00096398772941054
-0.0009727349127446534
-0.0009809576584754584
-0.0009855044063898698
-0.0009861565265931473
-0.0009871581119479235
-0.0009889584160466822
-0.0009881888251099926
-0.000988258731847496
-0.0009885874991218124
-0.0009892444853823081
-0.0009895225360039262
-0.0009898046302505568
-0.0009898073716912432
-0.0009899085993885885
-0.0009901584131711367
-0.000990430158479176
-0.0009906599597447135
-0.0009910366336950249
-0.0009914839682790282
-0.000991860847837391
-0.0009922665810589782
-0.0009926194044753177
-0.0009931323280277433
-0.0009934486217469366
-0.0009937911647607022
-0.0009942974403194633
-0.000994679391543096
-0.000994942501312973
-0.000995252626790622
-0.0009956528771308366
-0.0009961708038125146
-0.000996520885788168
-0.0009967703568906302
-0.0009971257161396048
-0.0009976281536814048
-0.0009977131383426831
-0.000997057248658462
-0.000996624580782131
-0.0009966269795427315
-0.0009963589351796188
-0.0009953414494688615
-0.000994035221517809
-0.0009894583177558472
-0.00098221467756619
-0.0009762634895881359
-0.0009678430859838414
-0.0009606701749638931
-0.0009446104042068596
-0.0009292779376639279
-0.0009164888427178037
-0.0008997528956154695
-0.0008753528398582015
-0.0008563690484650537
-0.0008413069565098182
-0.0008168630377015677
-0.0007861782291707279
-0.0007614316553106988
-0.0007333741749976875
-0.0006974098314569616
-0.0006728391895529823
-0.0006524939987149684
-0.0006259131268916692
-0.0005896797794835903
-0.0005730177142077547
-0.000567932821486603
-0.0005529479696227067
-0.0005287377586329719
-0.0005227550440870241
-0.0005197781136456626
-0.000507523873777455
-0.00048536878379827977
-0.00045353212469504046
-0.0004116181352366465
-0.00037891240516780986
-0.0003544189348191527
-0.00032315629912763695
-0.0002822261784635834
-0.0002462813162857352
-0.0002187592050707692
-0.00018412216430637235
-0.00014435881793245487
-0.0001145657400878859
-9.236809780905653e-05
-5.366549193972648e-05
-1.4509840508588215e-05
1.0942212056703023e-05
4.395608005869106e-05
8.371707050701865e-05
0.00011393083955891997
0.00014116372878147078
0.0001758905260273408
0.00021821929546158702
0.0002425812451933141
0.00027081167614562867
0.0003111193869698437
0.00035032527851418607
0.0003780011845516591
0.00041383808536847605
0.00045492412547156857
0.00048099275910261396
0.00051472437054431
0.0005557563014618547
0.0005884348912678962
0.0006186693496299776
0.0006551353768163147
0.0006942124206483963
0.0007221869038446268
0.0007519854731375707
0.0007856439909169657
0.0008101262898948258
0.0008278700591294977
0.0008477074666163732
0.0008712895450088367
0.0008909125032980186
0.0009020670142348768
0.0009138090159108306
0.0009239004646855202
0.0009287253317575668
0.000940161251580884
0.0009473676767132235
0.000943654463839512
0.0009464030322716964
0.0009510217430041259
0.000947911098793285
0.0009433849116840217
0.0009485757610877027
0.0009518994152398769
0.0009487538176602844
0.0009509222972432268
0.0009559825169982008
0.0009548522210031981
0.00095306589825194
0.0009529574057367757
0.0009525496164346737
0.0009526717476172528
0.0009527148567720464
0.0009527061526978672
0.000952706495377953
0.0009527064268419358
0.000952706495377953
0.000952706495377953
0.000952706495377953
0.000952706495377953
0.000952706495377953
0.000952706495377953
0.000952706495377953
0.000952706495377953
0.000952706495377953
0.000952706495377953
0.000952706495377953
0.000952706495377953
0.000952706495377953
0.000952706495377953
0.000952706495377953
0.000952706495377953
0.000952706495377953
0.000952706495377953
0.000952706495377953
0.000952706495377953
0.000952706495377953
0.000952706495377953
0.000952706495377953
0.000952706495377953
0.000952706495377953
0.000952706495377953
0.000952706495377953
0.000952706495377953
0.000952706495377953
0.000952706495377953
0.000952706495377953
0.000952706495377953
0.000952706495377953
0.000952706495377953
0.000952706495377953
0.000952706495377953
0.000952706495377953
0.000952706495377953
0.000952706495377953
0.000952706495377953
0.000952706495377953
0.000952706495377953
0.000952706495377953
0.0009527225328059684
0.0009527315795602335
0.0009527655048887277
0.0009529430131731721
0.0009530639792434595
0.0009530656241078713
0.0009531432068792964
0.000953300634110713
0.0009535233076304658
0.0009538102679343147
0.0009540012778141396
0.000954160349909968
0.0009544247618641713
0.0009546828685047959
0.0009548842958592291
0.0009550902465907948
0.0009554136680557728
0.0009556582045649998
0.0009558311894723115
0.0009560099314050648
0.000956125620202031
0.0009561678383886014
0.0009563888670439425
0.0009563611784930098
0.000953600067969685
0.0009477055592778223
0.0009406936393621829
0.0009284411814304215
0.0009125014857754521
0.0008982282433777282
0.0008793168945547186
0.0008529023596450667
0.0008304185709275922
0.00080604202302421
0.0007695118461258112
0.000744103419948068
0.0007190946272863849
0.0006818425605192397
0.000642875105778597
0.0006170930897713148
0.0005834091451295535
0.0005435814605695271
0.0005116422715846163
0.00048329783096775613
0.0004471505305292216
0.0004057504583955019
0.0003746423371546734
0.0003517155658902852
0.0003149564786945719
0.00027253187877433174
0.0002412544221691051
0.00021694730125110603
0.00017974711624895102
0.00014022690139590862
0.00011439989149336085
8.523597428632067e-05
4.522323391296011e-05
7.981493060587873e-06
-2.06666461759997e-05
-4.5057685163510135e-05
-8.094937195904432e-05
-0.00012007889724626615
-0.0001392414562731736
-0.00013951917278170805
-0.00014586808383434374
-0.00016344899435823923
-0.00017736132608959864
-0.0001897183871175505
-0.00020918085118854798
-0.00022471882297893394
-0.00023988164574539038
-0.00026114497933728823
-0.0002625078009045105
-0.0002698991533451519
-0.000285506260842848
-0.0003136695779003587
-0.00034795461768062175
-0.0003844819160662999
-0.00040057263083508125
-0.0004195937743575812
-0.00043090146329279207
-0.0004350848675122297
-0.00043471765153228645
-0.0004369212558240233
-0.0004369164583028221
-0.00043749329169124923
-0.00043782079104924825
-0.00043788740805792776
-0.000438779986877411
-0.00043850992070179205
-0.00043880376887536554
-0.00043896328645530544
-0.00043850872132149174
-0.00043850992070179205
-0.0004385464503989383
-0.00043857448162995673
-0.00043857393334181946
-0.00043857383053779375
-0.00043857383053779375
-0.0004385738648058023
-0.0004385738648058023
-0.0004385738648058023
-0.0004385738648058023
-0.0004385738648058023
-0.0004385738648058023
-0.0004385738648058023
-0.0004385738648058023
-0.0004385738648058023
-0.0004385738648058023
-0.0004385738648058023
-0.0004385738648058023
-0.0004385738648058023
-0.0004385738648058023
-0.0004385738648058023
-0.0004385738648058023
-0.0004385738648058023
-0.0004385738648058023
-0.0004385738648058023
-0.0004385738648058023
-0.0004385738648058023
-0.0004385773944106861
-0.0004385660174318375
-0.0004385296933427427
-0.00043848408262332273
-0.0004378043081371213
-0.0004375963013250407
-0.0004366359746525948
-0.0004333752365641736
-0.00042875474389529806
-0.00041601478927347755
-0.0004039580016707079
-0.00039674167308388885
-0.00037547655755554483
-0.0003386543829560358
-0.00030983008741502984
-0.00028679504637753317
-0.0002564533634166049
-0.0002341805628279574
-0.00021261705861490307
-0.00018551940808821322
-0.0001671953615302519
-0.00016724702055318622
-0.00016632145877544475
-0.00016621491953676954
-0.00016610728372181977
-0.00016588046377302875
-0.00016566479806103053
-0.00016522164417407398
-0.00016338189759743959
-0.00015896730425811695
-0.00014733773591831415
-0.00012774064997561017
-0.00010673123376028796
-8.35316120445837e-05
-6.297435791897351e-05
-4.315253809250081e-05
-1.84907711284557e-05
-2.0723481809980165e-06
-2.106993137672395e-06
-2.1164634231060582e-06
-2.0542752868166883e-06
-1.9560932925933275e-06
-1.8685110894926848e-06
-1.791557457287591e-06
-1.6979825023271124e-06
-1.6013111115288505e-06
-1.5112108790946206e-06
-1.4141666898436426e-06
-1.3134708159283586e-06
-1.2318786874993815e-06
-1.1266334677262855e-06
