0.11182905733585358
-39479.32421875
-184.6268310546875
84.3441162109375
-17.446563720703125
-0.436920166015625
-21.011474609375
-5.1540985107421875
-8.036415100097656
0.84735107421875
-61.91754150390625
-92.26025390625
-76.07940673828125
-323.051513671875
-33.6982421875
-64.8497314453125
-288.613525390625
-168.830810546875
-14.12408447265625
-210.12440490722656
-167.4044189453125
-77.06546020507812
-111.47886657714844
-87.73704528808594
-191.228271484375
-113.19062805175781
4.3845672607421875
-269.338623046875
-127.08985137939453
25.366661071777344
-1.1772985458374023
0.5384610891342163
-3.421095848083496
2.143310070037842
-0.1241687536239624
0.43860697746276855
3.208867073059082
1.7230064868927002
0.3166224956512451
1.3642525672912598
3.903348922729492
-0.2199193835258484
-0.024589192122220993
-0.004336140118539333
6.528857231140137
-11.374359130859375
-5.271315574645996
2.3253068923950195
1.0747489929199219
5.9347381591796875
-5.158792495727539
-1.6346931457519531
-6.365928649902344
-0.6630401611328125
8.021820068359375
216.74661254882812
88.28419494628906
-204.27479553222656
157.08055114746094
3.3082427978515625
48.08256912231445
-132.9954376220703
103.02075958251953
-68.73397827148438
20.899242401123047
42.1121711730957
-50.48063278198242
77.62059783935547
-57.90741729736328
3.6315059661865234
27.284915924072266
-46.18449783325195
19.2637882232666
-3.4498863220214844
-1.9804174900054932
7.002532958984375
-0.2699270248413086
-0.03023664653301239
-0.014123396947979927
0.0002366066910326481
-0.00285840081050992
-0.0025157351046800613
1.593795786902774e-05
0.0
7.105427357601002e-15
-0.0024679210036993027
0.004983655642718077
-0.0024997969157993793
0.0
0.0024997969157993793
-0.007467514835298061
-0.002499797148630023
-0.002499797148630023
0.0024838591925799847
0.004999593365937471
0.0024838587269186974
0.002499797148630023
-0.0024838591925799847
-0.0024679210036993027
-0.0024997969157993793
0.0024997969157993793
0.0024997969157993793
-0.2632562518119812
-0.3486356735229492
-0.2344675064086914
0.3158986568450928
0.0447998046875
-0.08585166931152344
0.1054983139038086
0.03172588348388672
0.7567815780639648
-0.14273691177368164
-0.4077887535095215
0.030811786651611328
-0.16263383626937866
0.0946035385131836
0.04000669717788696
-2.3849270343780518
-18.41462516784668
-179.0676727294922
-15.012588500976562
-353.12890625
-251.3460235595703
-204.03396606445312
-317.2152099609375
-360.5582580566406
-165.4920654296875
-348.97845458984375
-205.267822265625
-96.149169921875
-166.88531494140625
-127.70965576171875
-71.15301513671875
-124.96853637695312
-106.8138427734375
-108.83978271484375
3.6360397338867188
3.92010498046875
-66.728759765625
10.40283203125
5.040313720703125
1.79705810546875
-11.20916748046875
3.96063232421875
2.300811767578125
-0.483245849609375
-0.28851318359375
0.21917724609375
-1.0188617706298828
0.74969482421875
-2.264251708984375
1.0385322570800781
1.2914581298828125
-2.5328369140625
2.6876754760742188
-2.171600341796875
0.52667236328125
0.7659759521484375
-1.230290412902832
-0.06549072265625
1.06103515625
-1.13720703125
0.5966205596923828
1.149932861328125
-0.8378677368164062
-0.1556396484375
0.6294403076171875
-16.44964599609375
-23.15081787109375
-6.482421875
4.138511657714844
-2.929351806640625
-3.281463623046875
0.70367431640625
-60.81672668457031
-19.698036193847656
-40.8958740234375
-124.1417236328125
65.35565185546875
-145.4010772705078
-40.7939453125
-52.40703582763672
-16.360107421875
-167.10308837890625
-142.05624389648438
-157.63270568847656
-93.37080383300781
-198.8160858154297
-252.56597900390625
-51.629093170166016
-232.63706970214844
-185.85208129882812
-58.11323547363281
26.422298431396484
-72.60623931884766
-315.2448425292969
35.389713287353516
-4.976180076599121
0.06471111625432968
1.2503139972686768
0.15917593240737915
-0.1534394472837448
-0.4016420245170593
-0.30185940861701965
-0.24503399431705475
-1.7963827848434448
1.043133020401001
-0.1363697648048401
-0.6338589787483215
0.06532099097967148
0.7043124437332153
-0.4205361306667328
-0.004215987399220467
-0.04398718476295471
-0.020174434408545494
0.05293961614370346
0.5543681383132935
3.3296594619750977
8.269623756408691
-2.0459952354431152
4.259974479675293
-7.261795997619629
-0.2831203043460846
-5.146986961364746
-0.03974965214729309
-0.33495065569877625
0.12535172700881958
-0.7080408334732056
-0.3127000629901886
0.02447609230875969
-0.31659770011901855
0.4155399203300476
-0.02983398735523224
0.044768333435058594
-74.88482666015625
-89.77021789550781
-96.88127136230469
-234.42031860351562
-136.9176483154297
-109.9969253540039
-143.11801147460938
-233.05709838867188
-42.36817932128906
-27.867225646972656
-121.02832794189453
-119.28253173828125
-38.42908477783203
-72.76744079589844
84.51093292236328
-165.47203063964844
47.014404296875
-152.1004638671875
-193.61624145507812
119.2523193359375
13.226425170898438
-100.63494873046875
-37.03770446777344
285.11279296875
-53.5384521484375
-125.89524841308594
107.65878295898438
40.707794189453125
-96.2664794921875
-10.04937744140625
40.015472412109375
-6.625801086425781
16.473846435546875
2.06805419921875
0.6205902099609375
0.28398895263671875
-0.019876718521118164
0.003891468048095703
-0.00014301948249340057
0.0024999361485242844
0.007490870077162981
1.7877435311675072e-05
0.004999872297048569
0.0
8.938717655837536e-06
0.0024999361485242844
-0.004999872297048569
0.005008810665458441
-0.002490997314453125
0.0
-0.0024999361485242844
-0.004999872297048569
-0.005008810665458441
-0.0024999361485242844
-0.0024999361485242844
0.0
-0.0025088749825954437
0.0024999361485242844
0.0025088749825954437
-0.002490997314453125
8.938717655837536e-06
-8.938717655837536e-06
0.0024999361485242844
-0.0024999361485242844
0.0025088749825954437
0.0
8.938717655837536e-06
-0.0025088749825954437
-0.0050177499651908875
0.0050177499651908875
0.0024999361485242844
-0.0050177499651908875
0.005026688799262047
-0.005008810665458441
8.938717655837536e-06
-8.938717655837536e-06
-0.005008810665458441
-0.005026688799262047
0.005008810665458441
0.001185789704322815
-0.24462127685546875
-0.8626708984375
-0.355682373046875
2.44158935546875
0.34234619140625
-0.820831298828125
0.482391357421875
0.457916259765625
-0.543243408203125
1.27581787109375
-0.3323974609375
-0.15437602996826172
0.189727783203125
-0.0194244384765625
0.269500732421875
0.0229949951171875
0.011138916015625
-0.010051727294921875
-0.04119873046875
-0.204833984375
-4.92449951171875
-4.3935546875
11.7423095703125
-13.453277587890625
-90.51263427734375
-204.35716247558594
-173.96951293945312
-105.00653076171875
-232.48916625976562
-331.4114990234375
-105.044677734375
-272.2818908691406
-377.16082763671875
-111.80802917480469
-235.8863525390625
-137.1707763671875
-111.5604248046875
-105.6421127319336
-253.45623779296875
-173.98486328125
-11.531364440917969
-76.08512878417969
-49.50190734863281
54.885948181152344
-61.178985595703125
60.805633544921875
10.010194778442383
-62.169464111328125
51.621788024902344
-62.540889739990234
16.727659225463867
29.362079620361328
-39.77330780029297
57.37276840209961
-36.524208068847656
-1.9269696474075317
26.796977996826172
-42.02281951904297
41.47080993652344
-8.00645923614502
-11.041601181030273
25.394742965698242
-29.511272430419922
-0.17659401893615723
1.8402705192565918
1.3588666915893555
-1.287217617034912
0.4116407632827759
0.04994392395019531
-0.19428491592407227
0.09887409210205078
0.03688928112387657
-0.12467765808105469
-0.6020002365112305
-12.482812881469727
-13.979026794433594
-221.33563232421875
-602.084716796875
-679.248779296875
-182.27975463867188
-451.8091125488281
-340.51361083984375
-128.61776733398438
31.008636474609375
-70.31158447265625
18.57122802734375
-10.741958618164062
-8.101531982421875
19.504486083984375
-24.84259033203125
11.441650390625
-8.49603271484375
-13.86480712890625
3.8775634765625
1.3099365234375
-0.2479705810546875
-0.7061920166015625
0.01867222785949707
0.003810882568359375
-0.0010630488395690918
-0.0012278263457119465
-0.002496986649930477
-0.002496548928320408
-0.001250053639523685
-0.0024991738609969616
0.0024994935374706984
-0.002499611349776387
-4.961184458807111e-07
-0.0012491790112107992
0.0024990560486912727
-0.0024987361393868923
0.0012490611989051104
-4.96234861202538e-07
-5.876101738522266e-08
-0.0012500538723543286
-0.001250053639523685
-0.002499611349776387
8.163624443113804e-07
-0.0012491790112107992
0.0012490611989051104
0.014690399169921875
0.052734375
-0.072509765625
-2.5726470947265625
-17.9803466796875
1.6172142028808594
-5.4555206298828125
-28.510894775390625
-19.43994140625
-130.671142578125
-101.25997924804688
68.64964294433594
-183.3731689453125
-606.0545654296875
-435.1679382324219
148.51846313476562
153.83880615234375
-20.546693801879883
-200.75982666015625
-229.7176971435547
-236.6287384033203
-83.27693176269531
15.008260726928711
2.701784133911133
0.2894541919231415
2.265967607498169
-2.02709698677063
4.374885559082031
18.278507232666016
28.284812927246094
71.3921890258789
122.69023132324219
159.89752197265625
180.73468017578125
-1.7968745231628418
-285.6194152832031
-357.2664489746094
-288.1683349609375
-34.559471130371094
26.17469596862793
2.8864827156066895
-0.9289103746414185
-1.1484205722808838
0.47882193326950073
1.1862486600875854
-0.5754969120025635
-0.1670217216014862
0.6990172863006592
-1.2789497375488281
0.06241576373577118
-0.35845157504081726
