0.00011601563666374659
0.0001551599914222379
0.00019319013047436329
0.00021325864139498663
0.0002139501355458151
0.00022104834232550274
0.00023768974398308274
0.0002533740573085197
0.0002626236267673221
0.00028168601185996067
0.0003080129234689366
0.0003450736719088354
0.0003836261068101976
0.0004058678263163529
0.00042571369800725734
0.0004551457709425222
0.0004854035658183875
0.000504025212904935
0.0005257876943147721
0.0005485210226510162
0.0005638592119510122
0.0005765788456528753
0.0005891013354926145
0.0005995248412773435
0.0006036570833600763
0.0006052286827440412
0.0006083239063627843
0.0006076488266018032
0.0006046949927878131
0.0006041104491032456
0.0006035104162691596
0.0006029571935499689
0.000602326045353152
0.0006018074333269396
0.0006011992446985914
0.0006006351932796861
0.0006001034908393876
0.0005996188041450523
0.0005991130083486951
0.0005986128325048412
0.0005986223589928841
0.000598624894820432
0.0005986252375009826
0.0005986253060399349
0.0005987409948176037
0.0005983077786737567
0.0005975601192744762
0.0005969634447069438
0.0005961746636700127
0.0005960206632380505
0.0005955060948252822
0.0005946689959159812
0.000592090191190664
0.0005872998662823647
0.0005810923535847223
0.0005798057269430501
0.000582753529570823
0.0005770609965338735
0.0005768022730592293
0.0005773219816802566
0.0005802571051418681
0.0005777370357833433
0.0005791685475884378
0.0005785507639330945
0.0005778264067686223
0.0005790871953337273
0.0005781993112350392
0.0005799563005695063
0.0005799811791575848
0.0005798256709255156
0.0005810259421963337
0.0005805407071903801
0.0005808839355694317
0.0005812017370629974
0.0005814310585918747
0.0005817082182346667
0.0005817062307045262
0.0005817056824071187
0.0005817056138823773
0.0005817056138823773
0.0005817056138823773
0.0005817056138823773
0.0005817056138823773
0.0005817056138823773
0.0005817056138823773
0.0005817056138823773
0.0005817056138823773
0.0005817056138823773
0.0005817056138823773
0.0005817056138823773
0.0005817056138823773
0.0005817056138823773
0.0005817056138823773
0.0005817056138823773
0.0005817056138823773
0.0005817056138823773
0.0005817056138823773
0.0005817056138823773
0.0005817056138823773
0.0005817056138823773
0.0005817056138823773
0.0005817056138823773
0.0005817058194850233
0.0005817516015582669
0.0005819043683317204
0.000582131976429423
0.0005821693285668061
0.0005822251168581261
0.0005823889865013143
0.0005826759467879583
0.0005830679042873044
0.0005834732948102328
0.0005837783486413173
0.000584142480505534
0.0005845376591793183
0.000584854843850735
0.0005851816235775686
0.0005855148457101222
0.0005854227332946493
0.0005824778777139272
0.0005780917782232109
0.0005679972796031052
0.0005568205287289629
0.0005407202189218197
0.0005198867432198995
0.0005009875595476387
0.00047441970957606827
0.0004454541955425384
0.00042151877973140017
0.00038786608752161555
0.000355326111815657
0.0003302425806168685
0.00030046241325010214
0.0002572977614079264
0.0002249693735194569
0.00020172821041342104
0.0001723358883509718
0.00013702575537877237
0.0001131492376771348
0.00011152412021431246
0.00010298994682500506
8.296251466788362e-05
5.376886137753445e-05
3.49846040421653e-05
3.398390107633986e-05
2.5297526335066323e-05
4.754287289188142e-06
-1.5222554054616921e-05
-3.571622389131335e-05
-6.43832613889117e-05
-0.00010714181590287808
-0.00014090234098773635
-0.0001721668956946587
-0.00020829803875699326
-0.00024978592266222677
-0.00028032946131872905
-0.00031138174286127196
-0.0003537088331455607
-0.00038931582987800084
-0.0004145695017427897
-0.00043920216874937523
-0.0004772466831894917
-0.0005240571598790211
-0.0005522740549537275
-0.0005755321635945165
-0.0006082638002880003
-0.0006514066062521806
-0.0006819368660586633
-0.0007011810943140517
-0.0007062446723438143
-0.0007061858684380695
-0.000710094614575496
-0.0007247212286785043
-0.0007461788961364846
-0.0007796505161792311
-0.0008210252985207944
-0.0008550190945157965
-0.000876048206251312
-0.0009045955134894257
-0.0009424986724013706
-0.0009758032016549123
-0.001000739277586149
-0.0010319534583089762
-0.001066935680725578
-0.0010909550874487195
-0.0011079857394236114
-0.0011313344526655555
-0.0011558902222503775
-0.0011705709112703744
-0.0011871259232947295
-0.0012022649811740393
-0.00121017897215836
-0.001214906175405872
-0.001222482009666237
-0.0012311249497116705
-0.0012291252058105329
-0.0012291356232765338
-0.0012291114986027196
-0.001229201966140181
-0.0012292443213794968
-0.0012292814679142339
-0.0012293866021764188
-0.0012295513627407217
-0.0012297697185061907
-0.0012300662053092992
-0.0012302443989682388
-0.0012304090224546371
-0.0012306116149432
-0.0012308562885294805
-0.001231066419947524
-0.0012312469438171547
-0.001231456389888308
-0.0012316988703133802
-0.0012318793941688
-0.0012320139989157042
-0.0012322494886660706
-0.0012324955329745535
-0.0012327203311031099
-0.001233202687600965
-0.0012337482342985595
-0.0012341961857060824
-0.0012344593640136736
-0.001234763938072092
-0.0012350356148402852
-0.001235182281931202
-0.0012353519771011179
-0.001235597198970595
-0.0012358225453965588
-0.0012359730504840627
-0.0012361735868751111
-0.001236388515835074
-0.001236535594102861
-0.0012367218750171105
-0.0012369498257953637
-0.001236154808012202
-0.0012335078099567909
-0.001227543531598485
-0.0012165519993203588
-0.0012053388215349514
-0.0011903435521958272
-0.001168965249462417
-0.0011475374637086588
-0.0011298361182525696
-0.001108685629219508
-0.0010762593890376593
-0.0010435146619869329
-0.001023231496233734
-0.0010004200368314287
-0.000975603967447114
-0.0009525290555814081
-0.0009184959199473042
-0.0008760781564944864
-0.0008474549113657304
-0.0008286750146169197
-0.0008033334110706392
-0.0007649026618707921
-0.0007208915045566755
-0.0006954412714179625
-0.000672567512765454
-0.0006408421904353645
-0.0005982612427146705
-0.0005633767184036742
-0.0005514812303033523
-0.0005355600051188958
-0.0005094497701350065
-0.0004747625267214062
-0.0004481218229557271
-0.00044389901053421
-0.0004404284151604543
-0.0004404939698616772
-0.0004404998982181496
-0.00044050096055059385
-0.00044050116615323986
-0.0004405012004156106
-0.0004405012004156106
-0.0004405012004156106
-0.0004405012004156106
-0.0004405012004156106
-0.0004405012004156106
-0.0004405012004156106
-0.0004405012004156106
-0.0004405012004156106
-0.0004405012004156106
-0.0004405012004156106
-0.0004405012004156106
-0.0004405012004156106
-0.0004405012004156106
-0.0004405012004156106
-0.0004405012004156106
-0.0004405012004156106
-0.0004405012004156106
-0.0004405012004156106
-0.0004405012004156106
-0.0004405012004156106
-0.0004405012004156106
-0.0004405012004156106
-0.0004405012004156106
-0.0004405012004156106
-0.0004405012004156106
-0.0004405012004156106
-0.0004405012004156106
-0.0004405012004156106
-0.0004405012004156106
-0.0004405012004156106
-0.0004405012004156106
-0.0004405012004156106
-0.0004405012004156106
-0.0004405012004156106
-0.0004405012004156106
-0.0004405012004156106
-0.0004405012004156106
-0.0004405012004156106
-0.0004405012004156106
-0.0004405012004156106
-0.00043892703089909446
-0.0004304561847874311
-0.00041135214695486866
-0.00038595427531618043
-0.00036873127702108377
-0.0003643662866181785
-0.00035124187921553585
-0.0003286131368156475
-0.00029113185134121977
-0.0002510122204739673
-0.00022284929751492655
-0.00019735225424710734
-0.0001579693170583596
-0.00011934993104034675
-8.970383724715703e-05
-6.012296402957418e-05
-1.3282242662171484e-05
2.22528459090654e-05
4.7479058366661775e-05
7.40233962090997e-05
0.00011542487334281759
0.00015122283710411466
0.00017887580072795117
0.00020637687137536886
0.0002453498604069182
0.00028306324310278796
0.00031008041521829455
0.0003454747789675139
0.00038089765369875295
0.0004042627813305444
0.0004324448601238373
0.0004639015213001585
0.00048425880871150184
0.0005044391019026762
0.0005281074671330543
0.000541764125259192
0.0005522786468645791
0.0005645915878318419
0.0005723216966799782
0.0005740827981810526
0.0005764700789967492
0.0005782396104052623
0.0005772012212190702
0.0005791520989646415
0.0005777671231186332
0.000578023790495763
0.0005796881191457715
0.0005780741644656473
0.0005791285225456022
0.0005786298544876445
0.0005779660831706224
0.0005789869956913662
0.0005778942574323764
0.0005787876244056633
0.0005787312192637728
0.0005783453614895961
0.0005793969096004048
0.0005788949518006348
0.0005794498194120479
0.0005799277895874866
0.0005798789919424507
0.0005808723529838744
0.0005807829134596432
0.000580787368306801
0.0005808626208647638
0.0005810987959762315
0.0005812399116251754
0.0005813679369310876
0.0005815692271937678
0.0005817221995840782
0.0005818741439611586
0.0005820911975007448
0.0005821003813366588
0.0005821622693673589
0.0005817183615732802
0.0005806086263930865
0.0005739549784919973
0.0005557250147489867
0.0005345583169571455
0.0005032236156523595
0.00046652004262170976
0.0004347251904874838
0.00040374283283028944
0.0003616336528011743
0.00032792229376354953
0.0002994556534190451
0.00026405040958366044
0.00022352507976108882
0.00018640587006757414
0.00016553559052567834
0.00014045228208203753
0.00010559739961024661
8.446738567613465e-05
8.316822551535097e-05
7.399652150752445e-05
6.272133151696835e-05
6.281778738070898e-05
6.284576292614474e-05
6.284882992702023e-05
6.284928825550651e-05
6.28493482253134e-05
6.284936964107146e-05
6.284936964107146e-05
6.284936964107146e-05
6.284936964107146e-05
6.284936964107146e-05
6.284936964107146e-05
6.284936964107146e-05
6.284936964107146e-05
6.284936964107146e-05
6.284936964107146e-05
6.284936964107146e-05
6.284936964107146e-05
6.284936964107146e-05
6.284936964107146e-05
6.284936964107146e-05
6.284936964107146e-05
6.284936964107146e-05
6.284936964107146e-05
6.284936964107146e-05
6.247115790358748e-05
5.702676381247329e-05
4.119594187557141e-05
1.8837098622270787e-05
7.7289271303016e-06
5.063967293494898e-06
-7.0511187715283086e-06
-2.8307157023732543e-05
-5.8979277838489e-05
-0.00010160382301194204
-0.00013104894348714424
-0.00015662165907315284
-0.00019106316658223932
-0.00020624194110041572
-0.0002061980437844113
-0.00021101060865191812
-0.00022915305189030732
-0.00024154890429883835
-0.00024407399391179752
-0.00023174760276845063
-0.00020761341534125677
-0.0002071999032864369
-0.00020573958923364444
-0.00020574085714031298
-0.00020574155963970497
-0.0002057346203656607
-0.00020573761881337305
-0.0002057194396485329
-0.00020573376367849505
-0.00020568553144073576
-0.00020711329088385355
-0.0002171283905454402
-0.00023880187794134144
-0.0002788432406504171
-0.0003124636181439655
-0.0003269831104404375
-0.0003255096546297409
-0.000314043613215631
-0.00031251443758151254
-0.0003124304124497712
-0.00031243353083709735
-0.0003124542629819871
-0.0003124663595883703
-0.00031247783937260465
-0.00031248883938417293
-0.0003125043627960622
-0.0003125138893267376
-0.0003125221136315304
-0.00031253671180309084
-0.00031254198908925446
-0.000312551035833053
