-0.0008026787550541175
-0.0008203654337864951
-0.0008284189640909321
-0.0008081085210136183
-0.0007671959455699576
-0.0007408522083660321
-0.0007244017137751693
-0.0007084274074315342
-0.0006912202752112251
-0.0006806109682908746
-0.000658624476913913
-0.0006339803643995382
-0.0006276750508208184
-0.0006278291197873941
-0.0006278507086327996
-0.0006278529017853487
-0.0006278531759294172
-0.0006278533130014516
-0.0006278533130014516
-0.0006278533130014516
-0.0006278533130014516
-0.0006278533130014516
-0.0006278533130014516
-0.0006278533130014516
-0.0006278533130014516
-0.0006278533130014516
-0.0006278533130014516
-0.0006278533130014516
-0.0006278533130014516
-0.0006278533130014516
-0.0006278533130014516
-0.0006278533130014516
-0.0006278533130014516
-0.0006278533130014516
-0.0006278533130014516
-0.0006278533130014516
-0.0006278533130014516
-0.0006278533130014516
-0.0006278533130014516
-0.0006278533130014516
-0.0006278533130014516
-0.0006278533130014516
-0.0006278533130014516
-0.0006278533130014516
-0.0006278533130014516
-0.0006278533130014516
-0.0006278533130014516
-0.0006278533130014516
-0.0006278533130014516
-0.0006278533130014516
-0.0006278533130014516
-0.0006278533130014516
-0.0006278533130014516
-0.0006278533130014516
-0.0006278533130014516
-0.0006278533130014516
-0.0006278533130014516
-0.0006278533130014516
-0.0006278533130014516
-0.0006278533130014516
-0.0006278533130014516
-0.0006278533130014516
-0.0006278533130014516
-0.0006278533130014516
-0.0006278533130014516
-0.0006278533130014516
-0.0006278533130014516
-0.0006276354370029
-0.0006217934954361989
-0.000607975195120383
-0.0005837675199632832
-0.0005792695011570724
-0.0005741638762907299
-0.0005581706540063586
-0.0005347461056493374
-0.0005007316803328306
-0.00045612388271996294
-0.00042704727183178246
-0.0004047483932886056
-0.00036943301729436766
-0.00032574164903495496
-0.0002948213164811448
-0.0002706720340106652
-0.0002409198464673343
-0.00019737403157436514
-0.00016346688225871798
-0.00013815432083497743
-0.00011238990145010102
-7.502822845751277e-05
-3.306509010781299e-05
-5.512532838098925e-06
2.2564357089147164e-05
6.344048422218187e-05
0.0001003144035146467
0.0001289209087271225
0.0001596261752590846
0.00020255197907281583
0.00023512706235894127
0.00025953599353043156
0.000287952705377387
0.00032811128182826186
0.0003678435985204102
0.00039324842655725237
0.00042202848209918156
0.0004580628351814364
0.0004990074512131194
0.0005250773184924736
0.0005471578755529873
0.0005847661582693214
0.0006255975185326475
0.0006567037550330041
0.0006837124972114331
0.0007185665572741672
0.0007548374624196497
0.0007775624979175274
0.0007933891776801999
0.0008173666403556594
0.0008435450686861951
0.0008586252541499609
0.0008710941488239136
0.0008830034469177548
0.0008873613781048904
0.0008934829466216043
0.0008950919666964695
0.0008904379599152028
0.0008906698172612551
0.0008976890705307305
0.0008981211901189243
0.0008972611316395835
0.000894922134445947
0.0008922872672662309
0.0008929527519928545
0.0008932458120022307
0.0008905465209663842
0.0008866030956110322
0.0008843852700957347
0.0008678241583731757
0.0008447002432554269
0.0008255365448172341
0.0007985691298571525
0.0007679390130680063
0.0007551964540775338
0.0007550266218270113
0.000752647393991302
0.0007525909203131622
0.0007525520603914325
0.0007524980540099104
0.0007524304774969906
0.0007523772250116572
0.0007523252061746329
0.0007522594115981592
0.0007521982089348354
0.0007521448193774677
0.000752087934483225
0.0007520226881948886
0.0007519584014107926
0.0007518995289720521
0.0007518432609019637
0.0007517747934208209
0.0007517179085265781
0.0007516645875052276
0.0007516004377931659
0.0007515322444560917
0.0007514670667037725
0.0007514056584323972
0.0007513305429575898
0.0007512678325018884
0.000751194019211407
0.0007511376140692844
0.0007510639378508374
0.000751001227395136
0.0007509341991703536
0.0007508734762591497
0.0007508025414813892
0.0007507370895850014
0.0007506684850318242
0.000750614410114285
0.0007505575252200422
0.0007504801480566686
0.0007504149703043494
