0.05990784615278244
-53413.765625
498.3907470703125
1102.7664794921875
653.4714965820312
-831.76611328125
-99.61540985107422
912.8810424804688
-469.1897888183594
-930.6322021484375
564.0199584960938
470.8107604980469
-1326.8997802734375
-158.33090209960938
4.167598724365234
0.32493895292282104
0.03693390265107155
0.0021733727771788836
0.0005880836397409439
-0.0017139429692178965
-0.0028084879741072655
0.001682608388364315
0.00447539146989584
-0.0028084944933652878
-0.0006194075685925782
0.0033808851148933172
-1.5678298950660974e-05
-0.006808784790337086
-0.0005064512370154262
-0.003412227611988783
-0.0023176795803010464
0.004475377034395933
-1.5684916434111074e-05
0.0016826263163238764
0.0016825975617393851
-0.004506763070821762
0.000588082941249013
-0.0006194401066750288
-1.5663632439100184e-05
-0.004506764467805624
0.0016826221253722906
-0.0006194299785420299
-1.568747393321246e-05
-0.0028084602672606707
-1.56956521095708e-05
-0.002808465389534831
-0.0017139478586614132
-0.0014120808336883783
-0.002808470046147704
0.0016825899947434664
-1.5666628314647824e-05
0.0005880703101865947
-1.5668687410652637e-05
-1.5688943676650524e-05
0.003380886744707823
0.0016825934872031212
-0.004506758414208889
-0.0017139427363872528
0.005079140421003103
0.0033809037413448095
-0.0011102169519290328
0.0005880675744265318
-0.0005629477673210204
0.0010788640938699245
-0.0023176937829703093
0.0027771154418587685
-0.002808474702760577
11.640782356262207
147.23330688476562
292.54266357421875
104.57211303710938
-493.7844543457031
116.30187225341797
177.98260498046875
235.6796417236328
423.1081848144531
-92.48562622070312
-213.42990112304688
-55.02375793457031
181.6295166015625
378.85723876953125
-216.76492309570312
-474.1976318359375
335.58197021484375
604.719482421875
-427.82666015625
-450.22918701171875
201.8688201904297
352.33251953125
4.735079288482666
-241.30908203125
414.2325439453125
13.401823997497559
43.67256164550781
-491.61724853515625
404.0162658691406
242.1332550048828
-99.82280731201172
-516.0255126953125
324.27642822265625
420.05609130859375
24.319177627563477
-644.6476440429688
309.38580322265625
500.8160705566406
-205.24929809570312
-313.421875
-37.4995231628418
462.416015625
415.1338806152344
-616.0806884765625
-62.232547760009766
328.4887390136719
-190.66079711914062
-44.24506378173828
-164.68080139160156
524.3653564453125
-8.490310668945312
-226.51510620117188
-59.939735412597656
390.13671875
62.00187683105469
-579.7889404296875
-99.11544036865234
124.15664672851562
202.39395141601562
-222.35623168945312
-590.201416015625
111.21387481689453
188.9779815673828
227.34609985351562
-60.16493225097656
-326.59307861328125
181.40504455566406
208.21316528320312
306.9472351074219
77.71951293945312
-133.2498779296875
-168.86541748046875
230.36871337890625
168.50331115722656
-541.835693359375
-119.74492645263672
10.553401947021484
-19.497657775878906
0.3616645336151123
0.3524591326713562
0.36053574085235596
0.241123229265213
0.31472569704055786
0.32949098944664
0.30203133821487427
0.1958133578300476
0.4082247316837311
0.26546236872673035
0.2566389739513397
0.28554534912109375
0.23746880888938904
0.3887786865234375
0.19252881407737732
0.2901642322540283
0.38219159841537476
0.34167400002479553
0.19235014915466309
0.2614496052265167
0.313228964805603
0.2470950037240982
0.3153626322746277
0.23835419118404388
0.3888334035873413
0.18447500467300415
0.411545991897583
0.19757413864135742
0.35446855425834656
0.12768542766571045
0.19132497906684875
0.2152813971042633
0.2885408401489258
0.38642919063568115
