0.19915899634361267
-1237.4609375
655.927978515625
885.7738037109375
1116.640869140625
239.32376098632812
-492.04302978515625
-348.72589111328125
175.87625122070312
702.2420654296875
428.1481628417969
398.1502685546875
36.89166259765625
-18.0101318359375
-0.4224039912223816
-0.03660781309008598
-0.005401994567364454
-0.0012022705050185323
0.0010997478384524584
-0.0004855549777857959
0.00011819980863947421
0.0004959998186677694
0.00038303519249893725
0.00011820203508250415
-0.0010893065482378006
0.000986777013167739
5.226099347055424e-06
-0.001957882195711136
0.0017034993506968021
-0.0009763294365257025
-0.0015800852561369538
0.0003830397326964885
5.228305326454574e-06
0.0004959938814863563
0.0004960035439580679
-0.0003725778660736978
0.001099748071283102
-0.0010892957216128707
5.221210358286044e-06
-0.00037257748772390187
0.0004959952784702182
-0.0010892990976572037
5.229157977737486e-06
0.00011819048086181283
5.231883278611349e-06
0.00011819225619547069
-0.00048555334797129035
6.171214045025408e-05
0.00011819388600997627
0.0004960059886798263
5.22220898346859e-06
0.0010997522622346878
5.222895197221078e-06
5.22964728588704e-06
0.000986776314675808
0.0004960047663189471
-0.00037257943768054247
-0.00048555503599345684
0.0014775613090023398
0.0009867707267403603
0.0006089787348173559
0.0010997531935572624
0.00030710248393006623
-0.0005985277821309865
-0.001580080366693437
-0.00010774226393550634
0.00011819541396107525
-5.063579559326172
-56.42276382446289
-61.04555130004883
-38.542503356933594
6.640862941741943
30.735443115234375
20.815826416015625
1.7073206901550293
-61.13090515136719
50.82463455200195
88.47183990478516
-131.7386474609375
18.554370880126953
131.33729553222656
-219.04994201660156
-68.07557678222656
79.50325775146484
-7.673744201660156
-267.69775390625
173.48159790039062
37.260765075683594
-136.6768798828125
46.75349044799805
232.0030059814453
-179.92562866210938
-102.39900970458984
261.0326843261719
-124.30680084228516
-89.44214630126953
180.7859649658203
231.02517700195312
-279.38055419921875
-21.985767364501953
166.52438354492188
-123.98906707763672
-154.2981719970703
103.4172592163086
49.7037353515625
-274.4967346191406
157.1057891845703
34.780704498291016
-85.46188354492188
172.25372314453125
42.221561431884766
78.66946411132812
178.9189453125
50.04541015625
109.15861511230469
176.4403533935547
-0.8101577758789062
206.1619873046875
224.11666870117188
24.025100708007812
110.01058959960938
290.11474609375
-106.37423706054688
95.0886459350586
86.90108489990234
-62.05640411376953
-126.18879699707031
19.181610107421875
21.363540649414062
17.532958984375
3.2492523193359375
-59.5744514465332
18.168975830078125
31.233184814453125
-5.01947021484375
-26.58270263671875
218.8493194580078
477.0859375
297.890380859375
72.16397094726562
85.62960815429688
32.260467529296875
16.007247924804688
-8.19580364227295
8.935168266296387
0.8411067724227905
0.41390296816825867
0.342977911233902
0.8148524761199951
0.6475571990013123
0.33232802152633667
0.826732873916626
0.7865849733352661
0.23829978704452515
0.8886559009552002
0.5697629451751709
0.6530008316040039
0.8867878317832947
0.19257742166519165
1.0502114295959473
0.6187030076980591
0.17278429865837097
0.43499860167503357
1.0015449523925781
0.7169410586357117
0.4786907732486725
0.7876461148262024
0.5299904346466064
0.8307086229324341
0.05159499868750572
1.1893913745880127
0.14177346229553223
0.9222183227539062
0.2851487398147583
1.2324562072753906
0.9639474749565125
0.8270151019096375
0.4804089367389679
0.1546189934015274
