0.00037657947341074305
0.00039127520606996313
0.00042306114853829513
0.000452984282034663
0.0004665374164858349
0.0004713615982154806
0.0004854940333700597
0.0005158539126313144
0.0005396324495166027
0.0005429954776019486
0.0005361005144095543
0.0005187299923363753
0.0005133842515050446
0.0005134485725619697
0.000513457824936836
0.0005134587159147941
0.0005134588187161171
0.0005134588529784878
0.0005134588529784878
0.0005134588529784878
0.0005134588529784878
0.0005134588529784878
0.0005134588529784878
0.0005134588529784878
0.0005134588529784878
0.0005134588529784878
0.0005134588529784878
0.0005134588529784878
0.0005134588529784878
0.0005134588529784878
0.0005134588529784878
0.0005134588529784878
0.0005134588529784878
0.0005134588529784878
0.0005134588529784878
0.0005134588529784878
0.0005134588529784878
0.0005134588529784878
0.0005134588529784878
0.0005134588529784878
0.0005134588529784878
0.0005134588529784878
0.0005134588529784878
0.0005134588529784878
0.0005134588529784878
0.0005134588529784878
0.0005134588529784878
0.0005134588529784878
0.0005134588529784878
0.0005134588529784878
0.0005134588529784878
0.0005134588529784878
0.0005134588529784878
0.0005134588529784878
0.0005134588529784878
0.0005134588529784878
0.0005134588529784878
0.0005134588529784878
0.0005134588529784878
0.0005134588529784878
0.0005134588529784878
0.0005134588529784878
0.0005134588529784878
0.0005134588529784878
0.0005134588529784878
0.0005134588529784878
0.0005134588529784878
0.0005134942861104719
0.000514885361639017
0.0005189118183750452
0.0005261458977798839
0.0005274877302099412
0.0005267725226048015
0.0005239813590378617
0.0005213612956396219
0.000522787118924839
0.0005224846009497242
0.0005185433344649937
0.0005204915050427417
0.0005221430859734255
0.0005153958864383412
0.0005163215338797045
0.0005207798017892173
0.0005177862513647824
0.000515403288318339
0.0005211712452535266
0.0005194132621397785
0.0005151835961214601
0.000519294831903494
0.0005207439232037814
0.0005143007151531265
0.0005151803406562294
0.0005199161451656664
0.0005141614499422076
0.0005122981269920501
0.0005189098308449047
0.0005186359609155033
0.0005110260642311459
0.0005138344988893095
0.0005176793009269431
0.0005131659643069497
0.0005131584253348365
0.000519034052359757
0.0005169443206511914
0.0005128394244735546
0.0005183129849370971
0.0005175397615886368
0.0005149826142627489
0.0005167843576003861
0.000511328342341244
0.0005057357005426866
0.0005001659155112748
0.0004830326308393751
0.0004637612965865401
0.00044902296878035486
0.00043304413905786987
0.00041049273954740784
0.0003770360260801908
0.0003473150052997198
0.0003228070738430233
0.00028954654472101993
0.0002457862292288837
0.00021610588457576796
0.00019552856224436255
0.0001645299444135162
0.0001289976262341952
9.395247917609595e-05
9.029784746417135e-05
8.507290139903034e-05
7.137196044482153e-05
5.0309702942286094e-05
2.0180295322802522e-05
1.2261164144433678e-05
2.2753965822630562e-08
-2.581947522628525e-05
-5.5806711316108704e-05
-9.978571667090819e-05
-0.00011480116131679097
-0.00011181628926237863
-0.00010088808426189644
-8.392947219704183e-05
-7.795110111885606e-05
-7.780706410187577e-05
-7.794584098519408e-05
-7.799316509249365e-05
-7.801880613556023e-05
-7.805764893475953e-05
-7.81119979791356e-05
-7.81504980977843e-05
-7.818459475572581e-05
-7.823252714445061e-05
-7.8273905756987e-05
-7.830820804599625e-05
-7.834348694757409e-05
-7.838854939734574e-05
-7.843138439511677e-05
-7.846970457592306e-05
-7.850100841721996e-05
-7.854490573322437e-05
-7.857626096097192e-05
-7.860305855444949e-05
-7.864014510516881e-05
-7.8675372620296e-05
-7.871294748440505e-05
-7.87462131626171e-05
-7.87914897699693e-05
-7.882507240708492e-05
-7.886881552110481e-05
-7.889191213905633e-05
-7.893156880811603e-05
-7.896028540699263e-05
-7.898634622449663e-05
-7.9007026954514e-05
-7.903594917024748e-05
-7.906160733739398e-05
-7.908852485627449e-05
-7.910925701537508e-05
-7.913087155486664e-05
-7.916767538063141e-05
-7.918839040144121e-05
