-0.00019924086701178203
-0.00019924086701178203
-0.00019924086701178203
-0.00019924086701178203
-0.00019924086701178203
-0.00019924086701178203
-0.00019924086701178203
-0.00019924086701178203
-0.00019924086701178203
-0.00019924086701178203
-0.00019924086701178203
-0.0002005334048934067
-0.00020809225935998715
-0.0002263758353998155
-0.0002477036785178652
-0.00025122096405252056
-0.0002625337589210098
-0.0002837583182611994
-0.0002991777741439115
-0.00032494512344352145
-0.000359767074382216
-0.00040353184471600705
-0.0004313998572095796
-0.00045748706410127525
-0.0004945301988201081
-0.0005332999614192529
-0.0005582437819366683
-0.0005934615969104789
-0.0006312736714738385
-0.0006591939426804955
-0.0006877653745861897
-0.0007248345872595519
-0.0007497678532303248
-0.0007759612224126013
-0.000807726775398037
-0.0008278938411274522
-0.0008455406318978427
-0.0008695041817618187
-0.000886455674638121
-0.0008978111331772924
-0.0009143235157916507
-0.0009280312675117875
-0.0009374807394137393
-0.0009453011787238152
-0.0009551058042666902
-0.0009586865370192314
-0.0009626660123196095
-0.0009645320424588247
-0.0009648490215381897
-0.0009653593407219631
-0.0009651091157233119
-0.0009650956826639486
-0.0009649123488180456
-0.0009648569031801631
-0.000964705644190291
-0.0009645437621177591
-0.0009645360860838372
-0.0009644428771004996
-0.0009642518672206747
-0.0009642206147968497
-0.0009642215057650727
-0.0009642217113731243
-0.0009642217113731243
-0.00096422157430109
-0.00096422157430109
-0.00096422157430109
-0.00096422157430109
-0.00096422157430109
-0.00096422157430109
-0.00096422157430109
-0.00096422157430109
-0.00096422157430109
-0.00096422157430109
-0.00096422157430109
-0.0009642183531082835
-0.0009641297360380956
-0.0009639387946942878
-0.0009636886382316538
-0.0009634824818920366
-0.0009632358207662778
-0.0009629463246297939
-0.0009623140113354758
-0.000961632215036768
-0.0009610471230582731
-0.0009586151910253678
-0.0009538988850045026
-0.000952806763571058
-0.0009528306141050297
-0.0009528329443296131
-0.0009528333555457161
-0.000952541597720666
-0.0009500797839842789
-0.0009423613262677371
-0.0009270331089578693
-0.0008976771452637447
-0.0008633981709210003
-0.0008387186938217709
-0.000798062991370426
-0.0007599318816471867
-0.0007355424489725785
-0.0007165988882215035
-0.0006882596563419475
-0.0006531766859818991
-0.0006388051629355678
-0.0006390836247732888
-0.0006391238554153617
-0.0006391274878242712
-0.0006391281046484257
-0.0006391281731844428
-0.00063912824172046
-0.00063912824172046
-0.00063912824172046
-0.00063912824172046
-0.00063912824172046
-0.00063912824172046
-0.00063912824172046
-0.00063912824172046
-0.00063912824172046
-0.00063912824172046
-0.00063912824172046
-0.00063912824172046
-0.00063912824172046
-0.00063912824172046
-0.00063912824172046
-0.00063912824172046
-0.00063912824172046
-0.00063912824172046
-0.00063912824172046
-0.00063912824172046
-0.00063912824172046
-0.00063912824172046
-0.00063912824172046
-0.0006378254405702656
-0.0006297197543567698
-0.0006122957741781665
-0.0005823697964293221
-0.0005625854015517198
-0.0005509019639024294
-0.0005268894450541925
-0.0004962393500160441
-0.00045276513812700294
-0.00042090904906289873
-0.0003913882562475043
-0.00035236813157767414
-0.00031149746590850686
-0.0002829394327941675
-0.0002589217052086265
-0.00022667035179955628
-0.00018717784263145082
-0.00015440165753697368
-0.0001276814091557775
-0.00010003251487606764
-6.095819106716713e-05
-1.9985925036061238e-05
9.232195593550356e-06
3.7515917582707904e-05
7.820153172204211e-05
0.00011524978094115555
0.00014602948615475555
0.0001681578813552469
0.0002041354523472847
0.00024812860182425717
0.0002779683955315228
0.00030089398454961495
0.00032756816816027746
0.00036435552646306923
0.00039491724430708975
0.0003971073812714546
0.0003972578520971294
0.0003972526433598252
0.0004001032961895696
0.0004099453081298053
0.00042922390720076677
0.00044072740353700375
0.0004405931414793873
0.00044056959935749287
0.000440565590000489
0.0004405650074443432
0.0004405645962282402
0.0004405644248881973
0.0004405644248881973
0.0004405643906201887
0.0004405643906201887
0.0004405643906201887
0.00044056432208417157
0.00044056432208417157
0.00044056432208417157
0.00044056432208417157
0.000440564287816163
0.0004405642535481544
0.0004405642192801458
0.00044056432208417157
0.000440564287816163
0.0004405642535481544
0.0004405642535481544
0.0004405642535481544
0.000440564287816163
0.0004405644248881973
0.000440564287816163
0.00044056415074412867
0.0004405643906201887
0.0004405642535481544
0.0004405642192801458
0.0004405642535481544
0.0004405643906201887
