-1.5675366739742458e-05
-2438.4375
0.0013040381018072367
-0.0007141083478927612
-0.001956602791324258
0.00013849674724042416
0.0019253036007285118
0.001381133683025837
-0.00040559517219662666
-0.0005598699790425599
-0.0005598868592642248
119.40884399414062
408.701904296875
722.8856811523438
-82.52305603027344
-944.2188110351562
415.2969665527344
315.99822998046875
-125.32057189941406
505.54962158203125
711.3743286132812
13.820667266845703
-531.7769775390625
-38.847198486328125
1025.6549072265625
-552.2197875976562
-651.0466918945312
702.9754638671875
257.061279296875
-799.2706909179688
578.4957275390625
374.5765380859375
-917.8162841796875
421.33154296875
497.0658264160156
-959.207275390625
399.3909606933594
248.64654541015625
-583.09765625
-17.078811645507812
384.3896484375
209.11325073242188
-573.5878295898438
465.2577209472656
407.7017517089844
-706.053466796875
252.36656188964844
305.088134765625
-477.09124755859375
153.9623565673828
431.0390319824219
-656.2938232421875
-1376.79150390625
496.2679748535156
663.1876220703125
-858.7308959960938
-492.1683349609375
443.0440368652344
493.4560546875
-960.6287841796875
-100.7110366821289
3.7664246559143066
0.24492232501506805
0.05742334574460983
0.030069652944803238
0.0050708819180727005
-0.005102165974676609
-0.015188319608569145
-0.005102163180708885
0.004984177649021149
-1.566962237120606e-05
7.095746695995331e-05
-0.00768858939409256
-0.010145374573767185
79.88496398925781
448.71728515625
710.49951171875
305.9797668457031
-207.23660278320312
117.63301849365234
-242.86985778808594
-492.9566650390625
301.75982666015625
-177.51995849609375
192.9727020263672
-65.95520782470703
-936.48193359375
-64.48955535888672
3.746868133544922
0.5088962316513062
249.46356201171875
994.0745849609375
1050.784423828125
791.23583984375
610.2992553710938
-585.0989379882812
-277.93914794921875
373.2915954589844
69.00458526611328
-686.0640258789062
18.985353469848633
326.58941650390625
6.553510665893555
-744.327392578125
-229.4989471435547
5.365284442901611
0.7340393662452698
0.10228276252746582
0.01993817277252674
-0.0025091874413192272
-1.0399809070804622e-05
0.00990371499210596
-0.004947403911501169
9.704785952635575e-06
0.004946643486618996
-0.0049675386399030685
0.004946685396134853
-0.004987745545804501
-3.0601695470977575e-05
-0.0025293061044067144
0.0024882974103093147
-0.002489037113264203
-0.0012194986920803785
0.0037174480967223644
0.0024882673751562834
0.0012288166908547282
0.0024479450657963753
-0.0012597860768437386
0.001238902797922492
0.0012187417596578598
0.0012590576661750674
0.29507818818092346
47.59061813354492
181.8082733154297
275.59454345703125
136.83494567871094
-185.46531677246094
-86.5645751953125
220.53285217285156
466.1453857421875
131.28953552246094
-389.65130615234375
-114.85321044921875
408.27032470703125
47.64591979980469
-460.9880676269531
7.202122688293457
490.3611755371094
14.223644256591797
-387.638916015625
-215.52200317382812
199.5886993408203
366.39434814453125
-133.48806762695312
-266.3250732421875
19.47064208984375
430.24139404296875
-181.40863037109375
-319.7550964355469
65.38739013671875
118.73756408691406
100.12815856933594
-275.8105773925781
-65.92084503173828
190.2811279296875
57.942779541015625
-286.5906982421875
-437.22161865234375
-15.885666847229004
3.0222387313842773
83.85797882080078
226.4987335205078
93.98222351074219
-245.96311950683594
-163.91485595703125
3.0908026695251465
0.5264012813568115
0.055598482489585876
0.005990457255393267
0.017320990562438965
0.0035306273493915796
-0.007651778869330883
0.002362180035561323
0.0048567564226686954
-0.005100433249026537
-0.002613605698570609
-0.007632515858858824
-0.007580753415822983
0.007429054006934166
-0.002518951427191496
-0.0025091359857469797
0.007406989578157663
-0.012549391947686672
0.0074812667444348335
0.001160324551165104
-0.0075139072723686695
0.0037199866492301226
0.007330112624913454
-0.01125678513199091
0.00315299560315907
0.0024044616147875786
-0.0037476050201803446
0.002505415352061391
0.002498009940609336
-0.00010944309906335548
