-5.684341886080802e-14
50636.59765625
-0.0051743644289672375
0.005106342025101185
0.005242384970188141
-0.010076639242470264
-0.005242386367172003
-0.010212683118879795
-0.015046938322484493
-0.004970298148691654
-0.004970298148691654
-15.733785629272461
-39.48497772216797
-25.297012329101562
13.058494567871094
34.90349578857422
7.081735134124756
1.8801665306091309
7.680365562438965
-1.9523530006408691
6.535026550292969
1.0846055746078491
0.8592624664306641
2.020352840423584
-0.3831033706665039
5.199217796325684
52.32572937011719
66.88235473632812
79.7286376953125
423.97406005859375
84.7825927734375
197.57608032226562
358.7404479980469
41.41705322265625
274.40625
163.954345703125
166.86810302734375
157.31195068359375
29.180419921875
125.24201965332031
25.4752197265625
154.21153259277344
108.0191650390625
98.56521606445312
39.854522705078125
230.3011474609375
-8.699554443359375
194.87249755859375
53.39080810546875
15.103347778320312
23.52239990234375
7.0430908203125
16.89697265625
-1.04083251953125
0.05859375
1.79364013671875
-0.37384033203125
0.692840576171875
0.081024169921875
-1.8740234375
0.38233184814453125
-0.002638101577758789
0.012876644730567932
-0.005498085170984268
0.009739715605974197
0.009956269524991512
-0.0099563580006361
-0.019869361072778702
-0.0099563580006361
-4.3354928493499756e-05
-4.430057742865756e-08
0.00999957975000143
-0.01993432641029358
-0.014912859536707401
0.18499755859375
0.664337158203125
0.2218017578125
-0.495574951171875
1.200958251953125
-0.4901123046875
9.597702026367188
27.365203857421875
-2.838165283203125
-0.0352935791015625
127.98751831054688
77.37760162353516
-36.60552978515625
-8.68990707397461
0.3638739585876465
0.016595065593719482
17.023452758789062
74.135986328125
133.22055053710938
340.4041748046875
535.0021362304688
1161.00439453125
260.6863098144531
104.81581115722656
-135.833984375
47.324283599853516
58.32393264770508
-51.671939849853516
18.0933837890625
31.460044860839844
-2.2251880168914795
-0.14670789241790771
-0.027409521862864494
-0.0057975216768682
-0.001269364496693015
8.058616367634386e-05
0.0
-0.0028210454620420933
0.002035197801887989
0.0006246751872822642
-0.0014105226146057248
0.0014105227310210466
-0.0014105227310210466
0.0007858475437387824
-0.0006246751872822642
-0.0005440890090540051
-8.058616367634386e-05
0.0007052613655105233
0.001289643463678658
-0.0007455544546246529
-8.058616367634386e-05
-0.00035263068275526166
-0.0013299365527927876
4.029308183817193e-05
-4.029308183817193e-05
-0.0006649682763963938
0.0005843821563757956
-0.004590146243572235
-1.0560057163238525
-2.878091812133789
-1.625305414199829
2.7768497467041016
3.367676019668579
-6.548389434814453
2.208101987838745
0.18778003752231598
0.9349262118339539
-2.406381130218506
-0.04845182225108147
0.888630211353302
-1.2109812498092651
1.1183887720108032
0.6472672820091248
-1.8704097270965576
2.9621777534484863
-2.649482250213623
-0.19152458012104034
1.2765034437179565
-0.8286463618278503
-1.1519715785980225
4.746211528778076
-3.465768575668335
0.271757572889328
3.217585325241089
-8.228625297546387
5.355710506439209
-0.422472208738327
-4.623061180114746
7.848438262939453
0.4179314374923706
-6.623600959777832
8.758981704711914
0.1439768522977829
-1.4694162607192993
0.18657468259334564
-0.019418606534600258
-0.4780442416667938
-0.6424580812454224
-0.04492534324526787
0.3505261540412903
-0.4000774323940277
0.003078688867390156
0.002831069752573967
0.004930611699819565
0.016453837975859642
-0.01604163646697998
0.0002226329525001347
0.00638459250330925
-0.003611968597397208
0.002640190301463008
0.0013502305373549461
-0.007392489816993475
-0.0036207374650985003
0.008821861818432808
-0.002415145980194211
0.0037635215558111668
-0.007486516609787941
-0.0011441680835559964
0.008780945092439651
-0.0024778121151030064
-0.004899677354842424
0.009998722933232784
-0.007460223976522684
-0.0029668158385902643
0.011859666556119919
-0.0053220586851239204
-0.0042787273414433
0.009365406818687916
-0.006232185289263725
0.005012637935578823
-0.006145579740405083
