-0.0011941671766066975
-0.0011941671766066975
-0.0011941671766066975
-0.0011941671766066975
-0.0011941671766066975
-0.0011941671766066975
-0.0011941671766066975
-0.0011941671766066975
-0.0011941671766066975
-0.0011941671766066975
-0.0011941671766066975
-0.001194327002593809
-0.0011953820460348652
-0.0011975069367338165
-0.0011991481001842885
-0.0011991073898087734
-0.0011990060935431757
-0.0011990192524820031
-0.001198940298976936
-0.0011989516759598473
-0.0011988342052404732
-0.0011985903540789877
-0.0011984813818202156
-0.001198312783202482
-0.0011981073122484531
-0.0011978168565889291
-0.0011972083938474043
-0.001194373470013943
-0.0011908109678415713
-0.0011826243406005688
-0.0011726099948532465
-0.0011571874719749076
-0.0011413905368442556
-0.0011245465084641637
-0.0010964947851732632
-0.001076440118509936
-0.0010547406559879846
-0.0010173027195321538
-0.0009908592624299217
-0.000969448610675272
-0.0009356591205715858
-0.0009004888353274509
-0.0008714971405794358
-0.0008407712104343545
-0.0007998190897069435
-0.0007717842262877639
-0.0007427004876490173
-0.0007019855015641951
-0.0006724603224483872
-0.0006442167668296861
-0.0006035944414293226
-0.0005717915705787391
-0.0005643320419608244
-0.000551390248745065
-0.0005284733466766056
-0.0005100237592614576
-0.000508680624662361
-0.0005001987785249185
-0.00048208001446425897
-0.00047686548587932975
-0.00047696815282449734
-0.0004769763086187595
-0.0004769775422772682
-0.0004769777821422849
-0.0004769778164188665
-0.0004769778164188665
-0.0004769778164188665
-0.0004769778164188665
-0.0004769778164188665
-0.0004769778164188665
-0.0004769778164188665
-0.0004769778164188665
-0.0004769778164188665
-0.0004769778164188665
-0.0004763030107852728
-0.0004695296647412306
-0.00045299144406385494
-0.0004292105426628723
-0.0004115969233424721
-0.0003891577173078531
-0.00036930954968283913
-0.0003588702806069932
-0.0003434979603582633
-0.0003292756059494195
-0.00031723982463915945
-0.0003011064804780972
-0.0002980465871900151
-0.0002981211886492474
-0.0002981283849265992
-0.00029812955003194475
-0.0002972718903322402
-0.00029073872875073903
-0.0002750177486490202
-0.00025350807948143483
-0.0002277283080189818
-0.0002196717450004826
-0.00021926373295855228
-0.00022201070792959854
-0.00021935262418537604
-0.0002176567860914247
-0.00021991876594995574
-0.0002195274767018418
-0.00021920528887164892
-0.00022002623042283176
-0.00022002664164233465
-0.00022002686438327146
-0.00022002695004630368
-0.00022002696718459447
-0.00022002696718459447
-0.00022002696718459447
-0.00022002696718459447
-0.00022002696718459447
-0.00022002696718459447
-0.00022002696718459447
-0.00022002696718459447
-0.00022002696718459447
-0.00022002696718459447
-0.00022002696718459447
-0.00022002696718459447
-0.00022002696718459447
-0.00022002696718459447
-0.00022002696718459447
-0.00022002696718459447
-0.00022002696718459447
-0.00022002696718459447
-0.00022002696718459447
-0.00022002696718459447
-0.00022002696718459447
-0.00022002696718459447
-0.00022002696718459447
-0.00022002696718459447
-0.00022002696718459447
-0.00022001091262779937
-0.0002199318905979908
-0.00021982159901767773
-0.00021995462741131178
-0.0002202368930142029
-0.00022019928385930143
-0.00022020068885808541
-0.00022030856455046433
-0.00022049419435177242
-0.00022057326776803166
-0.0002206300669911343
-0.00022076487735489536
-0.00022085368290447605
-0.0002209431566626563
-0.00022104674886236353
-0.00022108396389342033
-0.00022124987248162142
-0.0002213342917087857
-0.000221360318263919
-0.00022149027968509927
-0.00022158676127048693
-0.0002216014793816612
-0.00022178580698550832
-0.00022180732729282227
-0.00022191712200481106
-0.00022219284240065917
-0.0002220658109024498
-0.00022218533769091664
-0.00022238573701827136
-0.00022224761981703978
-0.00022247581047452059
-0.00022270996377926622
-0.000222476375896008
-0.0002227442660540646
-0.00022310952876125612
-0.00022309275456677824
-0.00022309212060633854
-0.00022309203494330632
-0.00022307193675885628
-0.0002230367435060998
-0.00022299046456453198
-0.00022299075585863193
-0.0002229928119277247
-0.00022299246924717409
-0.0002229922636303172
-0.0002229922636303172
-0.0002229925549102063
-0.00022299265771152932
-0.00022299264057323853
-0.0002229926919881109
-0.00022299265771152932
-0.0002229926919881109
-0.0002229927262504816
-0.0002229927433887724
-0.0002229927262504816
-0.0002229927433887724
-0.00022299277765114311
-0.00022299284617588455
-0.0002229928633283862
-0.0002229927433887724
-0.0002229927947894339
-0.0002229928119277247
-0.0002229928119277247
-0.00022299284617588455
-0.0002229928119277247
-0.00022299270911219082
-0.0002229928119277247
-0.00022299289760496777
-0.00022299270911219082
-0.00022299288046667698
-0.00022299288046667698
-0.0002229928633283862
-0.0002229927262504816
