0.038842953741550446
13375.4296875
268.67962646484375
-51.59488296508789
-295.5866394042969
-31.93955421447754
3.0143070220947266
0.34408608078956604
-0.0021917230915278196
-0.002188122132793069
-0.0009417421533726156
-0.007186341565102339
-0.002191709354519844
7.219656944274902
183.06646728515625
275.73736572265625
222.23130798339844
198.84603881835938
-573.0950317382812
-267.8555603027344
196.9714813232422
289.6788024902344
401.7127685546875
382.473388671875
155.23382568359375
-331.28741455078125
-53.51417541503906
425.2752685546875
20.0614013671875
-786.0810546875
-181.79074096679688
462.51348876953125
436.9403076171875
467.18194580078125
192.476318359375
-413.88470458984375
1122.034423828125
-217.99984741210938
-634.5069580078125
256.313232421875
375.5210876464844
-186.9722137451172
-442.13555908203125
300.0621337890625
417.2513427734375
-1957.0872802734375
83.20856475830078
935.5177612304688
143.23104858398438
-1397.2685546875
933.390625
670.1430053710938
-627.6659545898438
427.42401123046875
587.0616455078125
1202.651123046875
-148.26702880859375
-635.8598022460938
1339.2947998046875
-769.0888671875
-392.9325866699219
877.5516967773438
-791.9285278320312
-277.29132080078125
651.5618896484375
-52.53123474121094
-355.7780456542969
209.61944580078125
132.3650665283203
-639.117431640625
181.34768676757812
669.5306396484375
-480.37640380859375
-184.8408660888672
529.0626220703125
273.347900390625
-696.783447265625
-4.937520980834961
778.5090942382812
-353.16705322265625
-337.42572021484375
65.93390655517578
423.8872985839844
-628.689208984375
43.25050735473633
271.35980224609375
-985.5452880859375
301.80963134765625
622.53125
-434.3927001953125
-1367.5780029296875
555.0720825195312
660.7648315429688
-38.56608200073242
174.3966827392578
1041.1259765625
84.77133178710938
-556.8123168945312
478.7391357421875
537.4379272460938
-690.3909912109375
358.0657653808594
208.40054321289062
-1178.946044921875
-814.5033569335938
264.6543273925781
373.7967834472656
103.5763168334961
-314.4774475097656
157.7833251953125
51.942649841308594
-534.6190185546875
5.661574840545654
1.1243070363998413
0.10239583253860474
0.0112299220636487
-5.461890850710915e-06
-0.005004256498068571
-5.232737294136314e-06
0.004994284361600876
0.01499430276453495
-0.00500524090602994
0.009994309395551682
0.004994318820536137
-0.005005273502320051
-0.010004262439906597
0.009993848390877247
-5.717550720873987e-06
0.0024940569419413805
0.0037438098806887865
-4.994346454623155e-06
-0.0012552153784781694
-0.002504991367459297
0.002494062529876828
-0.0025052388664335012
0.0024947840720415115
-5.698741915693972e-06
8.98891544342041
148.7781982421875
360.73687744140625
256.79296875
155.42567443847656
-664.4615478515625
-80.02457427978516
342.6878967285156
591.21337890625
245.2234344482422
-50.884883880615234
-324.20843505859375
-130.56727600097656
265.34393310546875
302.5523376464844
-204.5714874267578
-250.28273010253906
247.5542449951172
237.10154724121094
-336.91082763671875
-289.47021484375
426.459716796875
-16.376760482788086
-117.67339324951172
-157.0506591796875
363.7295227050781
-191.5225067138672
-426.2497863769531
198.5319366455078
153.97715759277344
188.14080810546875
-232.02403259277344
-252.91358947753906
42.955204010009766
165.0806427001953
284.9339294433594
-409.2870788574219
-132.34104919433594
221.0386505126953
402.3479309082031
-140.68455505371094
-448.5943298339844
175.3207244873047
239.42507934570312
-246.76771545410156
-844.9204711914062
251.2998809814453
394.73541259765625
272.66827392578125
-404.55499267578125
-566.5809936523438
7.066298007965088
1.0861166715621948
0.12107709795236588
-0.00642642704769969
-0.0014244535705074668
0.00107552797999233
-0.0014264584751799703
-0.003930443897843361
-0.0014284633798524737
0.0010735230753198266
0.0010775328846648335
0.001077527180314064
-0.001422454253770411
-0.003928444813936949
0.0035775201395154
0.001077527180314064
-0.0014284519711509347
-0.0014264584751799703
-0.0014304625801742077
0.0010755222756415606
-0.0014304568758234382
0.00107552797999233
-0.0014284689677879214
0.003575515002012253
0.0035775143187493086
0.003575515002012253
-0.003926434088498354
-0.006430431269109249
-0.001422454253770411
0.003575515002012253
-0.0020504554267972708
-0.0026784511283040047
0.0010775384726002812
0.0010755222756415606
-0.0014284519711509347
0.00107552797999233
0.0010735286632552743
0.0010815314017236233
-0.003930443897843361
-0.0014304682845249772
-0.00017647047934588045
-0.003926445264369249
0.00107552797999233
-0.005180437117815018
-0.0014264584751799703
-0.001426464063115418
-0.006428426131606102
-0.0014244591584429145
-0.001424464862793684
0.0010755222756415606
-0.0014284633798524737
-0.0014284633798524737
0.001073517370969057
-0.001426464063115418
-0.0014244591584429145
-0.003928455989807844
-0.006430436857044697
-0.0014264470664784312
0.0010735286632552743
-0.0014284576755017042
-0.0014284689677879214
0.00107552797999233
0.0010755335679277778
-0.0014264527708292007
-0.0014264527708292007
-0.0039284504018723965
1.6700974702835083
126.76173400878906
234.20816040039062
415.8002014160156
101.60748291015625
404.2792663574219
422.86126708984375
-391.07879638671875
236.75860595703125
568.186279296875
91.90081787109375
-690.5884399414062
552.6812133789062
-47.74591064453125
-1365.794921875
-205.29855346679688
445.9964294433594
298.83648681640625
648.6854858398438
325.25689697265625
-1362.3388671875
-219.86029052734375
587.51318359375
604.3126831054688
252.07257080078125
-351.949462890625
64.87782287597656
963.5346069335938
-853.2214965820312
-1761.288330078125
-367.2274475097656
21.371261596679688
3.5365123748779297
0.6843643188476562
4.468461036682129
-2.9848484992980957
-37.25006866455078
27.360149383544922
17.69646453857422
0.2293984293937683
-3.939563274383545
3.7839081287384033
-2.020188570022583
9.386702537536621
-54.2912712097168
22.902170181274414
10.426013946533203
15.214247703552246
-7.590378761291504
-4.695350646972656
0.6007317900657654
1.0561978816986084
-3.8661513328552246
18.523426055908203
-17.811429977416992
3.894306182861328
-2.6796772480010986
-2.0137429237365723
4.290937423706055
-4.297723770141602
-2.859490394592285
1.5162575244903564
32.63508987426758
442.64190673828125
570.27685546875
-381.1311340332031
-691.836669921875
7.286280632019043
1.3198617696762085
0.1406487077474594
0.024589532986283302
0.0020829690620303154
0.0011208903742954135
0.0022470063995569944
0.002247004536911845
-5.2307809710328e-06
7.681222632527351e-05
-0.0021754405461251736
-0.002257451182231307
0.0021649752743542194
-0.0011313359718769789
0.0001588156446814537
0.0020829690620303154
0.004335181787610054
7.680291309952736e-05
-0.0020933914929628372
0.001161881722509861
-0.001172343734651804
0.00011781696230173111
-0.0009672902524471283
0.002246994525194168
0.0011209077201783657
-8.72625969350338e-05
-0.000967283733189106
0.0031270403414964676
0.003291107714176178
0.0010388405062258244
7.682666182518005e-05
0.002164965495467186
0.0022060093469917774
3.575300797820091e-05
-0.0010902932845056057
-4.625599831342697e-05
-0.002175414003431797
-5.236689958110219e-06
0.0011209036456421018
0.0012029008939862251
-0.0010493090376257896
-0.0033015564549714327
0.002164991572499275
0.00011780392378568649
-8.723698556423187e-05
-0.0009673042222857475
-5.221293122303905e-06
-4.623504355549812e-05
-0.0010903091169893742
-0.0021754633635282516
-0.0021754270419478416
-0.0021754316985607147
-0.0011313125723972917
0.001120861736126244
-0.0010493090376257896
3.5782577469944954e-05
3.580469638109207e-05
-0.002175445668399334
-0.0010903275106102228
-0.0005887850420549512
0.0011208849027752876
0.0010388768278062344
