-0.0006593347841957592
-0.0006528559374215904
-0.0006383589934638562
-0.0006144800170450556
-0.0006058605848469284
-0.0006060134201651953
-0.0006060304856334681
-0.0006060304856334681
-0.0006060304856334681
-0.0006060304856334681
-0.0006060304856334681
-0.0006060304856334681
-0.0006060304856334681
-0.0006059747658515171
-0.0006020361380173663
-0.0005901643291249115
-0.0005677427368430097
-0.0005336919531693995
-0.000520041120611514
-0.000519828419082258
-0.0005134858561782117
-0.0005013696135805558
-0.00048291817570069833
-0.0004688779214933098
-0.0004691107726116109
-0.00047655323578704934
-0.000473828312280785
-0.00046522388947041596
-0.0004654771985898393
-0.00047065485481021706
-0.00047014724279912154
-0.0004654367966077235
-0.0004513701217657197
-0.00043793761069049747
-0.00044158561154388127
-0.00044522346906672536
-0.00043570727735206825
-0.0004289057630091101
-0.0004351926061312053
-0.00043539276556932104
-0.0004350109514177227
-0.000436458089420056
-0.0004356557039991554
-0.00043588358625621233
-0.00043571587862222184
-0.00043569422124079926
-0.00043566080993243377
-0.0004356400435192343
-0.00043558295301694
-0.00043561067583588125
-0.0004357351029750352
-0.00043591528416414885
-0.00043649461911720233
-0.00043873677491859165
-0.00044485597894271343
-0.0004622623453649067
-0.00048742986744233237
-0.0005094348978119357
-0.0005450723930868256
-0.000578733412430847
-0.0006084576886811894
-0.0006462750405178702
-0.0006775698881374512
-0.0007031926949768708
-0.0007360857339806057
-0.0007693109670595152
-0.000791185744728506
-0.0008183703503269675
-0.0008443640055552399
-0.0008616822346593654
-0.0008766786005741444
-0.0008981940439051654
-0.0009123507065377001
-0.0009231003752211943
-0.000933050091512397
-0.000946614465884635
-0.0009527928507595745
-0.0009572544084046561
-0.000960849602256818
-0.0009646789151435987
-0.00096467864099953
-0.0009655123816482813
-0.000965176829308266
-0.0009650781374435556
-0.0009649571713732682
-0.0009645579490733113
-0.0009645794693826995
-0.0009642912754305417
-0.0009639704583342157
-0.000963685691182916
-0.0009636552611912969
-0.000963562806104148
-0.0009633664504149846
-0.000963120269041346
-0.0009621136120212999
-0.0009607800381994006
-0.0009503481024914603
-0.000932992247113914
-0.000911497364588041
-0.0008774374313561399
-0.0008471434837311636
-0.0008145703708555315
-0.0007754284234151994
-0.0007525656990588473
-0.0007527881669705486
-0.000748721925072446
-0.0007358518205540386
-0.0007157794716003387
-0.0007047213223036074
-0.0006928847409239728
-0.0006723858923354862
-0.0006719136106412366
-0.0006719751559846463
-0.0006719808444740705
-0.0006719818725143279
-0.0006719819410503451
-0.0006719820095863623
-0.0006719820095863623
-0.0006719820095863623
-0.0006719820095863623
-0.0006719820095863623
-0.0006719820095863623
-0.0006719820095863623
-0.0006719820095863623
-0.0006719820095863623
-0.0006719820095863623
-0.0006719820095863623
-0.0006719820095863623
-0.0006719820095863623
-0.0006719820095863623
-0.0006719820095863623
-0.0006719820095863623
-0.0006719820095863623
-0.0006719820095863623
-0.0006719820095863623
-0.0006719820095863623
-0.0006719820095863623
-0.0006719171059781118
-0.0006687321001886523
-0.0006562725264130335
-0.0006345427024203361
-0.0006026548126442696
-0.000591921661140911
-0.0005881495758284591
-0.0005746187155686122
-0.0005522259769499347
-0.0005165715532788063
-0.00047751894253684227
-0.0004433744358597658
-0.0004197056594055949
-0.00038742310497471265
-0.0003447797894897106
-0.00031020391712062906
-0.0002842721670498565
-0.00025099561762809846
-0.00020849643338718393
-0.00017358540276018572
-0.0001472316250297462
-0.00011313189807288159
-6.971985263490552e-05
-3.93597292018601e-05
-1.2788047630111977e-05
2.6919688191131768e-05
6.72663574576012e-05
9.33621185009387e-05
0.000115628588075001
0.00014674186665112086
0.00018933163837271663
0.00022748162976868346
0.00025456401389755095
0.0002768606821541744
0.00031653863265071046
0.00035917156492911275
0.0003902713247758478
0.00041241647703253476
0.0004448310661004758
0.00048533986159903826
0.0005274930417573206
0.0005538635080079386
0.0005791800616546786
0.0006133410855118907
0.000646983017575133
0.0006506876634466995
0.0006573020059267937
0.000674187909834674
0.0006981581076923145
0.0007203948926039444
0.0007201610477133945
0.0007200918263360629
0.00072008634345469
0.00072008634345469
0.00072008634345469
0.00072008634345469
0.00072008634345469
0.00072008634345469
0.00072008634345469
0.00072008634345469
0.00072008634345469
0.00072008634345469
0.00072008634345469
0.00072008634345469
0.00072008634345469
0.00072008634345469
0.00072008634345469
0.00072008634345469
0.00072008634345469
0.00072008634345469
0.00072008634345469
0.00072008634345469
0.00072008634345469
0.00072008634345469
0.00072008634345469
0.00072008634345469
0.00072008634345469
0.00072008634345469
0.00072008634345469
0.00072008634345469
0.00072008634345469
0.00072008634345469
0.00072008634345469
0.00072008634345469
0.00072008634345469
0.00072008634345469
0.00072008634345469
0.00072008634345469
0.00072008634345469
0.00072008634345469
0.00072008634345469
0.00072008634345469
0.00072008634345469
0.00072008634345469
0.00072008634345469
0.00072008634345469
0.00072008634345469
0.00072008634345469
0.00072008634345469
0.00072008634345469
0.00072008634345469
0.00072008634345469
0.00072008634345469
0.00072008634345469
0.00072008634345469
0.00072008634345469
0.00072008634345469
0.00072008634345469
0.00072008634345469
0.00072008634345469
0.00072008634345469
0.00072008634345469
0.00072008634345469
0.00072008634345469
0.00072008634345469
0.00072008634345469
0.00072008634345469
0.0007200853154144327
0.0007225135465024114
0.0007333678011480917
0.0007528794569454058
0.0007779450659653145
0.0008099548127798914
0.0008517706929297208
0.0008829841882969329
0.0009052419452298137
0.0009373893123668479
0.0009568787624946022
0.0009676016335953867
0.000982111530860364
0.0009846170705756993
0.0009835356407609317
0.0009837724327002196
0.0009845088522046038
0.000985784238947934
0.0009866981667367627
0.000986842160908816
0.0009874469912602528
0.000987386268349049
0.0009874113525313295
0.0009876443749896736
0.000987904057958693
0.0009846930770187297
0.0009805044983299965
0.0009733064345917506
0.0009618381657683339
0.0009584150658552606
0.000958424660897663
0.0009582156945813422
0.0009580358560723144
0.000957840391351374
0.0009575307456258452
0.000957277916258542
0.0009571585265166492
0.0009570141896645103
0.0009568019336193658
0.0009565347116884589
0.0009562196516175745
0.0009559726478117297
0.0009557372265927852
0.0009554181914329054
0.000955245000917542
0.00095511087593196
0.0009549078037131149
0.0009546689556933123
0.0009544137275654085
0.0009541907113655699
0.0009539648166530105
0.0009537494079510766
0.0009535165911007842
0.0009532303161571068
0.000952918957031149
0.0009526443332103889
0.0009523492856565151
0.0009520934407044568
0.0009518671347757945
0.0009516233521627564
0.0009513234385516642
0.0009510740359852189
0.0009507968077958068
0.0009483114862055338
0.0009414512364958695
0.0009352643531548022
0.0009350551126944127
0.0009350743713152347
0.0009350761532516808
0.0009350765644677838
0.0009350766330038009
0.0009350767015398181
0.0009350767015398181
0.0009350767015398181
0.0009350767015398181
0.0009350767015398181
0.0009350767015398181
0.0009350767015398181
0.0009350767015398181
0.0009350767015398181
0.0009350767015398181
0.0009350767015398181
0.0009350767015398181
0.0009350767015398181
0.0009350767015398181
0.0009350767015398181
0.0009350767015398181
0.0009350767015398181
0.0009350767015398181
0.0009350767015398181
0.0009350767015398181
0.0009350767015398181
0.0009350767015398181
0.0009350767015398181
0.0009350767015398181
0.0009350767015398181
0.0009350767015398181
0.0009350767015398181
0.0009350767015398181
0.0009350767015398181
0.0009350767015398181
0.0009350767015398181
0.0009350767015398181
0.0009350767015398181
0.0009350767015398181
0.0009350767015398181
0.0009350767015398181
0.0009350767015398181
0.0009350767015398181
0.0009350767015398181
0.0009350767015398181
0.0009350767015398181
0.0009350767015398181
0.0009350767015398181
0.0009350767015398181
0.0009350767015398181
0.0009350767015398181
0.0009350767015398181
0.0009350767015398181
0.0009350767015398181
0.0009350767015398181
0.0009350767015398181
0.0009350767015398181
0.0009350767015398181
0.0009350767015398181
0.0009350767015398181
0.0009350767015398181
0.0009350767015398181
0.0009350767015398181
0.0009350767015398181
