-0.0011521255364641547
-5091.640625
-0.2996996343135834
0.3595106601715088
0.1312234252691269
-0.01864216849207878
-0.0011925690341740847
-0.0028760384302586317
-0.0012535956921055913
-3.600885975174606e-06
-0.0012571965344250202
0.0006358000682666898
-0.0012535955756902695
-0.018476372584700584
0.03938902169466019
-0.0097796730697155
6.673887729644775
85.66172790527344
-12.801838874816895
16.673389434814453
26.895919799804688
58.02778625488281
118.86064147949219
306.5626220703125
470.139404296875
205.27076721191406
-249.77035522460938
-94.23443603515625
284.78082275390625
217.49835205078125
-99.07525634765625
-108.11917114257812
-201.03990173339844
112.92916870117188
649.8519287109375
29.96221923828125
-518.5736083984375
248.7198028564453
606.2454833984375
-193.0884552001953
-20.0035400390625
44.875457763671875
-76.61105346679688
27.84930419921875
-13.19122314453125
2.109130859375
-0.36651611328125
1.05877685546875
-0.5279388427734375
5.8321533203125
2.8740234375
0.35552978515625
66.334716796875
92.0634765625
174.2857666015625
442.640625
980.4249267578125
653.8931884765625
368.7261657714844
1135.197998046875
640.1692504882812
65.81500244140625
429.5661315917969
33.721160888671875
165.0079345703125
150.97500610351562
296.6610412597656
96.92388916015625
229.25137329101562
176.50836181640625
60.346221923828125
-17.8328857421875
255.42807006835938
6.633148193359375
123.73370361328125
5.506591796875
267.74749755859375
20.40052604675293
134.90240478515625
74.48046875
145.57073974609375
-21.137130737304688
56.230133056640625
-17.25531005859375
7.461967468261719
5.989959716796875
-14.20880126953125
7.871826171875
-1.534912109375
-1.005035400390625
-0.19970703125
0.3563232421875
-0.26318359375
0.4966926574707031
39.495323181152344
-10.38995361328125
653.343017578125
699.432861328125
207.51470947265625
866.3548583984375
944.7985229492188
45.42121124267578
13.206221580505371
7.038950443267822
9.2539701461792
0.3041989505290985
0.27269941568374634
1.2093185186386108
1.3757312297821045
-0.49560970067977905
0.07575079053640366
-0.08541442453861237
0.0009431143407709897
0.0001917858753586188
-3.946464494219981e-05
0.002183124888688326
-0.0006250144215300679
0.002501910552382469
-1.4524141889182829e-08
-0.0012519395677372813
-0.0012557897716760635
1.9105561932519777e-06
-0.0012538646114990115
-0.0012519394513219595
1.910465471155476e-06
0.0025038355961441994
-0.0025038644671440125
-0.0012500145239755511
-0.001875976799055934
-0.0025014581624418497
0.000624985434114933
4.6679988940923067e-07
0.000625948014203459
-0.001875976799055934
9.480104381509591e-07
-9.770286624188884e-07
-0.0012500144075602293
0.03610718250274658
0.17356473207473755
0.041514188051223755
0.06691751629114151
0.2855132520198822
0.22810716927051544
-0.15339036285877228
0.04230573773384094
-1.4735872745513916
1.680131435394287
2.1739063262939453
-3.088665723800659
0.49104899168014526
1.0977073907852173
-2.0538277626037598
2.2592382431030273
-0.7025736570358276
-0.7425427436828613
2.113168478012085
-3.091764450073242
1.7549042701721191
-1.0174092054367065
1.3053895235061646
0.8516929745674133
-2.540484666824341
1.8414549827575684
-1.518831491470337
-0.9092665910720825
1.5449949502944946
-1.384419560432434
0.49548158049583435
1.2980072498321533
-2.8259899616241455
1.446641445159912
0.23837454617023468
-2.8155884742736816
5.905941009521484
-0.07628028094768524
-3.523028612136841
4.4108076095581055
-4.5684943199157715
-7.795414924621582
9.492332458496094
-7.695510387420654
2.550112009048462
2.28895902633667
-0.09339020401239395
-0.14435629546642303
-0.8328930139541626
0.2125832885503769
0.15031732618808746
0.013565530069172382
0.00025942636420950294
-0.00039499375270679593
1.4005327102495357e-05
0.0006229626596905291
0.0006149429827928543
-2.0340964965726016e-06
-0.0012440079590305686
-0.0006270308513194323
-1.005381182039855e-05
0.0012399397091940045
0.0012399397091940045
0.0012479594442993402
-0.0006190111162140965
0.0012319199740886688
0.0012399397091940045
-0.0006270308513194323
-2.0340964965726016e-06
-0.0012520275777205825
0.0006149429827928543
-0.0012520276941359043
0.0006149429827928543
-0.0006270308513194323
0.0006069232476875186
0.0012319199740886688
0.0006069232476875186
5.985627467453014e-06
-0.0012359882239252329
0.0012479594442993402
0.0006069232476875186
0.00031246920116245747
-0.0006230209837667644
0.0012399397091940045
0.0006149429827928543
-0.0006270308513194323
0.0006149429827928543
-1.0053803634946235e-05
0.002489933278411627
-0.0012440079590305686
-0.0012520275777205825
-6.043957910151221e-06
5.985611096548382e-06
0.0006149429827928543
-0.0012399981496855617
-2.0340964965726016e-06
-2.0341046820249176e-06
-0.0006109914393164217
0.00062296271789819
0.0006229626596905291
0.0006149429827928543
-0.0006270308513194323
-0.0006270308513194323
-1.0053820005850866e-05
-2.0341046820249176e-06
0.00062296271789819
-0.0006190111744217575
-0.001235988107509911
-2.0340801256679697e-06
-1.0053803634946235e-05
-0.0006270308513194323
-0.0006270308513194323
0.0006149429827928543
0.0006149429245851934
-2.0340883111202857e-06
-2.0340883111202857e-06
-0.0006190111744217575
0.011230816133320332
0.0018319381633773446
-0.010034002363681793
0.0023160597775131464
-3.065255880355835
-23.72319984436035
-41.88325500488281
-523.3391723632812
-359.99676513671875
-140.80235290527344
-864.3607788085938
-246.6537322998047
-124.623046875
-591.204833984375
-163.5413818359375
28.440704345703125
5.730743408203125
-0.49896240234375
-16.3878173828125
-28.8201904296875
26.6552734375
-14.361297607421875
0.351318359375
2.98541259765625
-7.95318603515625
-188.00807189941406
-88.94131469726562
-103.574951171875
-318.01605224609375
-49.1376953125
12.004119873046875
-0.35884666442871094
0.2077031135559082
-0.07659643888473511
-0.5012965202331543
-0.1407151222229004
1.8966827392578125
-0.88848876953125
-0.6192283630371094
-0.35073187947273254
0.12279891967773438
-0.12487459182739258
0.024448156356811523
-0.20296096801757812
1.5710906982421875
-0.5486698150634766
-0.23183441162109375
-0.3505516052246094
-0.039069175720214844
0.11113595962524414
0.1150442361831665
-0.21641051769256592
-0.8980846405029297
-1.9478321075439453
0.9824028015136719
-0.1953277587890625
0.06693220138549805
0.16288185119628906
-0.4198131561279297
0.40479183197021484
0.1416323184967041
-0.22404539585113525
-1.2208290100097656
-15.92852783203125
-9.83099365234375
-41.337646484375
20.99786376953125
-0.40075016021728516
-0.0852816104888916
-0.009882062673568726
0.0007622390985488892
-0.010094031691551208
0.0005425516283139586
0.0010851030237972736
0.0010851032566279173
0.0
0.005589567590504885
0.004504464101046324
-0.0010851030237972736
-0.004504464101046324
-0.0005425516283139586
0.011179134249687195
-0.010094031691551208
-0.009008928202092648
0.005589567124843597
0.010094031691551208
0.0033373350743204355
-0.003337335307151079
0.008384350687265396
0.010636582970619202
0.0010851032566279173
0.0005425515118986368
-0.005589567124843597
0.010636582970619202
-0.015141047537326813
-0.003961912821978331
-0.005047015380114317
0.005589567124843597
-0.004504464101046324
-0.001709680538624525
0.002794784028083086
0.0022522322833538055
-0.0027947835624217987
0.004504464101046324
-2.2737367544323206e-13
0.0005425516283139586
0.006132118403911591
0.005047015845775604
0.003961913287639618
-0.004504464101046324
0.008384350687265396
-0.005589567590504885
0.010636582970619202
0.0
-0.0027947835624217987
0.002252232050523162
0.004504464101046324
0.004504464566707611
0.004504464101046324
-0.0005425516283139586
0.0005425515118986368
0.005047015845775604
0.0027947835624217987
0.002794784028083086
0.004504464101046324
0.002252232050523162
-0.0016686675371602178
0.0005425515118986368
-0.005047015845775604
