-0.0002514666314112901
-0.00025142407054090654
-0.0002514191359495044
-0.00025146202236214776
-0.000251491390045544
-0.0002514909959643319
-0.00025149096170196117
-0.00025149096170196117
-0.00025149096170196117
-0.00025149096170196117
-0.00025149096170196117
-0.00025149096170196117
-0.00025149096170196117
-0.0002514914585844963
-0.00025150300689347205
-0.0002515375661857888
-0.00025168759151483755
-0.0002580921795214408
-0.00025997008353328965
-0.0002601692663262156
-0.0002635020529027088
-0.00027223547762389444
-0.000292699441402533
-0.0003273839776056775
-0.00036895155177774086
-0.0004003152780853725
-0.0004243775883452372
-0.00045750214201234485
-0.0004952216586957547
-0.0005134353794034041
-0.0005201790493458702
-0.0005361232341130062
-0.0005584357513015448
-0.0005928566294812754
-0.0006329040747630188
-0.0006605781645987463
-0.0006929247659570592
-0.0007326962852260976
-0.0007611745766951117
-0.0007911240622888727
-0.0008288131146940714
-0.0008653418523465461
-0.0008892241184668137
-0.0009147308938395327
-0.0009491017749780895
-0.000961205989497671
-0.0009674008915681043
-0.0009825547532358314
-0.0010065818359947798
-0.0010102494038619625
-0.0010216550993220608
-0.001042546453675186
-0.0010586364488034405
-0.0010755832812350263
-0.0011008289343692468
-0.001134769203716246
-0.0011611965548468106
-0.00117631189928602
-0.0011930486688100927
-0.001198530042373136
-0.0011936298542281065
-0.001187282870745321
-0.0011758000722892348
-0.0011667172681057991
-0.0011498735823636252
-0.0011302785182465414
-0.0011121574582375615
-0.0010874985419491168
-0.0010566271783858383
-0.0010311315058686432
-0.0010060166879952703
-0.000971054820766426
-0.000937737269694594
-0.0009129818546824708
-0.0008823043795018748
-0.0008419595564390647
-0.000810918223564272
-0.0007867005421360318
-0.0007515859081479448
-0.0007106657252080595
-0.000684539452791455
-0.0006531240503022673
-0.0006129817511606461
-0.0005838769034482993
-0.0005568571612286632
-0.0005223497220754325
-0.0005036244828033887
-0.00048677524567608543
-0.00045938095414044255
-0.00043103092782814656
-0.0004278727881512623
-0.0004201445983227359
-0.00040154477996168225
-0.0003796237404998237
-0.00035675183231376195
-0.00032325368880492533
-0.00028644311392156396
-0.00026197640690384105
-0.0002368434269754971
-0.00022007663865508675
-0.0002207417464461514
-0.0002205294904058519
-0.00022020920445697811
-0.00021991617870753544
-0.00021991064443227515
-0.00021990020982798342
-0.00021986777515792255
-0.00021984277664444107
-0.00021988689668717143
-0.00021989434999625246
-0.00021990750889244737
-0.00021990821139183936
-0.00021990819425354857
-0.0002199081771436795
-0.0002199081771436795
-0.0002199081771436795
-0.0002199081771436795
-0.0002199081771436795
-0.0002199081771436795
-0.0002199081771436795
-0.0002199081771436795
-0.0002199081771436795
-0.0002199081771436795
-0.0002199081771436795
-0.0002199081771436795
-0.0002199081771436795
-0.0002199081771436795
-0.0002199081771436795
-0.0002199081771436795
-0.0002199081771436795
-0.0002199081771436795
-0.0002199081771436795
-0.0002199081771436795
-0.0002199081771436795
-0.0002199081771436795
-0.0002199081771436795
-0.0002199081771436795
-0.00021990917090874973
-0.00021992275817694917
-0.00021995145763753499
-0.00021999992974031102
-0.00022007686141023441
-0.00022011210603523068
-0.00022011501883412166
-0.00022015040055123336
-0.00022020558918711686
-0.00022023819519745302
-0.00022044505401197512
-0.00022050240153248524
-0.00022055525995767766
-0.00022068929925467273
-0.00022074834303964508
-0.00022087326705388932
-0.00022095854298243012
-0.00022101619890690927
-0.0002212020686016558
-0.00022125838806630327
-0.0002213572512630435
-0.0002214120286794241
-0.00022153347451592253
-0.00022166612596663526
-0.0002216831742885006
-0.0002218282307779873
-0.00022194350836457488
-0.00022196250996842082
-0.00022207591995027087
-0.0002221424684307749
-0.00022224321637054345
-0.00022243743030969654
-0.0002224345860639687
-0.0002225141906535555
-0.00022268849488682463
-0.00022264936080773623
-0.00022277933936720729
-0.00022294439122561016
-0.00022287373060692062
-0.00022312457242890105
-0.0002233752771729769
-0.0002231286674572175
-0.00022342875239189652
-0.00022343394401502792
-0.0002234516948220744
-0.0002234900750011093
-0.0002235248227577813
-0.00022359241640401706
-0.00022365457857631554
-0.00022372016755412005
-0.0002237185569384792
-0.00022371831707346246
-0.00022371828281109174
-0.00022371828281109174
-0.00022371828281109174
-0.00022371828281109174
-0.00022371828281109174
-0.00022371828281109174
-0.00022371828281109174
-0.00022371828281109174
-0.00022371828281109174
-0.00022371828281109174
-0.00022371828281109174
-0.00022371828281109174
-0.00022371828281109174
-0.00022371828281109174
-0.00022371828281109174
-0.00022371828281109174
-0.00022371828281109174
-0.00022371828281109174
-0.00022371828281109174
-0.00022371828281109174
-0.00022371828281109174
-0.00022371828281109174
-0.00022371828281109174
-0.00022371828281109174
-0.00022371828281109174
-0.00022371828281109174
-0.00022371828281109174
-0.00022371828281109174
-0.00022371828281109174
-0.00022371828281109174
-0.00022371828281109174
-0.00022371828281109174
-0.00022371828281109174
-0.00022371828281109174
-0.00022371828281109174
-0.00022371828281109174
-0.00022371828281109174
-0.00022371828281109174
-0.00022371828281109174
-0.00022371828281109174
-0.00022371828281109174
-0.00022371828281109174
-0.00022371828281109174
-0.00022371828281109174
-0.00022371828281109174
-0.00022371828281109174
-0.00022371828281109174
-0.00022371828281109174
-0.00022371828281109174
-0.00022371828281109174
-0.00022371828281109174
-0.00022371828281109174
-0.00022371828281109174
-0.00022371828281109174
-0.00022371828281109174
-0.00022371828281109174
-0.00022371828281109174
-0.00022371828281109174
-0.00022371828281109174
-0.00022371828281109174
-0.00022371828281109174
-0.00022371828281109174
-0.00022371828281109174
-0.00022371828281109174
-0.00022371828281109174
-0.00022371828281109174
-0.00022372717535290576
-0.00022376156327652552
-0.00022382465070336366
-0.00022387899976195058
-0.0002228895624227789
-0.00022053262591725797
-0.0002101276077297598
-0.00019507120425998892
-0.00017118849262942604
-0.00014091346093891843
-0.00011779878963125157
-8.25673017175177e-05
-4.569817994592995e-05
-3.103645828161916e-05
-2.7010048640363493e-05
-1.536113710187692e-05
7.971005985041302e-06
4.2446253004868595e-05
8.136628510158062e-05
0.00010353213525604588
0.0001141731315215111
0.00013660662335723828
0.00016934278342262132
0.00020979166130530302
0.00024290560902784364
0.000272150887042244
0.0003086442087010255
0.000344423573523045
0.0003535114151276275
0.0003534138541141374
0.0003538916187153518
0.0003543295638479549
0.00035484118521367236
0.00035559751441383014
0.0003561847995712242
0.00035644530495915205
0.000356804365154062
0.00035735570315864607
0.0003580040196027312
0.00035873800608499096
0.0003593217958837158
0.000359907196255449
0.000360681858865064
0.00036112014669242853
0.0003614616616687272
0.0003619707129161043
0.00036257619437662925
0.00036321738309652574
0.0003637732444587982
0.0003643494610230391
0.0003648986744053673
0.00036540481286806425
0.0003659616337472471
0.0003666012461280843
0.0003671633100168492
0.00036775450168136103
0.000368279213418532
0.00036873408699023
0.000369219596137782
0.00036983669443202416
0.0003703455400909661
0.0003709334077797166
0.00037602741578268706
0.00039035089508843157
0.0004019450645955658
0.0004022291806222711
0.000402195049687748
0.000402191999853585
0.0004021914515561775
0.0004021913144924838
0.0004021913144924838
0.0004021913144924838
0.0004021913144924838
0.0004021913144924838
0.0004021913144924838
0.0004021913144924838
0.0004021913144924838
0.0004021913144924838
0.0004021913144924838
0.0004021913144924838
0.0004021913144924838
0.0004021913144924838
0.0004021913144924838
0.0004021913144924838
0.0004021913144924838
0.0004021913144924838
0.0004021913144924838
0.0004021913144924838
0.0004021913144924838
0.0004021913144924838
0.0004021913144924838
0.0004021913144924838
0.0004021913144924838
0.0004021913144924838
0.0004021913144924838
0.0004021913144924838
0.0004021913144924838
0.0004021913144924838
0.0004021913144924838
0.0004021913144924838
0.0004021913144924838
0.0004021913144924838
0.0004021913144924838
0.0004021913144924838
0.0004021913144924838
0.0004021913144924838
0.0004021913144924838
0.0004021913144924838
0.0004021913144924838
0.0004021913144924838
0.0004021913144924838
0.0004021913144924838
0.0004021913144924838
0.0004021913144924838
0.0004021913144924838
0.0004021913144924838
0.0004021913144924838
0.0004021913144924838
0.0004021913144924838
0.0004021913144924838
0.0004021913144924838
0.0004021913144924838
0.0004021913144924838
0.0004021913144924838
0.0004021913144924838
0.0004021913144924838
0.0004021913144924838
0.0004021913144924838
0.0004021913144924838
