-0.00021603063202159107
-0.00024075751891069084
-0.0002678522737906557
-0.00028139137550656603
-0.0003022352686734447
-0.0003353094483705335
-0.00037245761453566414
-0.00039800016569898933
-0.0004288089901528802
-0.00046655314552323406
-0.0004933993545369682
-0.0005258997506983936
-0.0005657179772880519
-0.0005968603665374604
-0.0006138215229921823
-0.0006360048498104274
-0.0006649898280436649
-0.0006999347668651531
-0.0007294978464031353
-0.0007523520722933595
-0.0007806410672723373
-0.0008138870667644463
-0.0008421853826417579
-0.0008617977178482799
-0.0008798825908403572
-0.0009061297607961044
-0.0009248285794299008
-0.0009364659951436685
-0.0009541893406452267
-0.0009652328917703029
-0.000974107209416248
-0.000978602349709738
-0.0009840224520908192
-0.0009870468094560557
-0.0009861817478474622
-0.0009881227563894503
-0.0009881828624764997
-0.000988754452859614
-0.0009897474712122452
-0.000989742673691044
-0.0009897416456507867
-0.0009897415771147695
-0.0009897415085787524
-0.0009897415085787524
-0.0009897415085787524
-0.0009897415085787524
-0.0009897415085787524
-0.0009897415085787524
-0.0009897415085787524
-0.0009897415085787524
-0.0009897415085787524
-0.0009897415085787524
-0.0009897415085787524
-0.0009897415085787524
-0.0009897415085787524
-0.0009897415085787524
-0.0009897415085787524
-0.0009897415085787524
-0.0009897415085787524
-0.0009897415085787524
-0.0009897415085787524
-0.0009897415085787524
-0.0009897415085787524
-0.0009897415085787524
-0.0009897415085787524
-0.0009897415085787524
-0.0009897415085787524
-0.0009897415085787524
-0.0009897415085787524
-0.0009897415085787524
-0.0009897415085787524
-0.0009897415085787524
-0.0009897415085787524
-0.0009897415085787524
-0.0009897415085787524
-0.0009897415085787524
-0.0009897415085787524
-0.0009897415085787524
-0.0009897415085787524
-0.0009897415085787524
-0.0009897415085787524
-0.0009897415085787524
-0.0009897415085787524
-0.0009897415085787524
-0.0009897415085787524
-0.0009897415085787524
-0.0009897415085787524
-0.0009897415085787524
-0.0009897415085787524
-0.0009897415085787524
-0.0009897415085787524
-0.0009897415085787524
-0.0009897415085787524
-0.0009897415085787524
-0.0009897415085787524
-0.0009897415085787524
-0.0009897415085787524
-0.0009897415085787524
-0.0009897415085787524
-0.0009897415085787524
-0.0009897415085787524
-0.0009897415085787524
-0.0009897415085787524
-0.0009897415085787524
-0.0009897415085787524
-0.00098973794470586
-0.000989746922924108
-0.0009898848859266512
-0.0009901196903214413
-0.0009902194787624263
-0.0009902773916969263
-0.0009904339964961369
-0.0009907234926326209
-0.0009900600639865121
-0.000987695091642372
-0.000977301399032007
-0.0009557805413556303
-0.0009318337142798413
-0.000904928941239444
-0.0008760015332606208
-0.0008486789646596161
-0.0008260213000666068
-0.0008160567114596803
-0.0008154752518900949
-0.0008159219696499438
-0.0008207850112835486
-0.0008422528220826433
-0.0008750388763635915
-0.0008980312708644104
-0.0008897764502775744
-0.000874726352125342
-0.0008589667691234691
-0.0008565185255184797
-0.0008764185749250394
-0.0009023892020515459
-0.0009280632738318012
-0.000961988602326
-0.0010050102366257253
-0.001028929512222616
-0.0010375751937153153
-0.0010287305521648005
-0.00099792895826072
-0.0009598384218596394
-0.0009436434980767663
-0.0009435573483031962
-0.0009436503516784823
-0.0009436881835599546
-0.0009436898969603836
-0.0009420887585274918
-0.0009343216402387664
-0.0009248067849764439
-0.0009296106114912224
-0.0009527027944330263
-0.0009843069450980503
-0.0010064910258124843
-0.0010304153045386276
-0.001061169745662902
-0.0010666834682434238
-0.0010666098605609938
-0.0010665963589656135
-0.0010665771688808086
-0.0010665664772621316
-0.0010665533868828541
-0.0010665335799738948
-0.0010665241220035268
-0.0010665141842810385
-0.001066494240300045
-0.001066485262081797
-0.001066476283863549
-0.0010664625081240999
-0.0010664443460795525
-0.0010664302276600175
-0.0010664161777764998
-0.0010664087073506293
-0.0010663830063441942
-0.0010663843770645374
-0.001066365803803887
-0.0010663568255856392
-0.0010663516853843522
