9.404751472175121e-05
-24681.32421875
0.3185268044471741
-0.08750247955322266
-0.009328842163085938
0.017998695373535156
0.032892823219299316
0.04137229919433594
0.036595821380615234
0.039836883544921875
-0.0580902099609375
-0.0024557113647460938
0.4674801826477051
-5.2718000411987305
-9.041855812072754
-6.570835113525391
-339.595458984375
-426.5562744140625
467.88128662109375
163.47930908203125
-153.39013671875
-119.00082397460938
-240.5996551513672
-129.142822265625
-156.576904296875
-125.70904541015625
-248.60345458984375
-103.12014770507812
-58.683685302734375
-182.9868927001953
-43.72052001953125
-100.81915283203125
-33.110801696777344
-56.2093505859375
-111.752685546875
82.75723266601562
-35.679901123046875
1.5020751953125
16.5908203125
-0.41485595703125
-0.10413646697998047
-0.0375901460647583
-0.0025529861450195312
0.001300901174545288
0.002397413831204176
-0.0025358088314533234
9.094947017729282e-13
-0.0025091946590691805
-0.005013066343963146
-0.002503871452063322
0.0
1.5968660591170192e-05
-0.0025038716848939657
0.0050077433697879314
0.002509194426238537
-0.0050077433697879314
0.0
-0.0050077433697879314
-0.0050077433697879314
0.0025091946590691805
0.002509194891899824
-0.005002420861274004
-0.0025038716848939657
0.0050077433697879314
0.0050077433697879314
0.002498548710718751
-0.0075116148218512535
0.0
0.0025038716848939657
1.0645773727446795e-05
-0.002503871452063322
0.002509194891899824
-0.0050077433697879314
-0.0025038716848939657
0.0025038716848939657
-0.0025038716848939657
0.005018389318138361
0.0050077433697879314
0.0025038716848939657
0.00249322596937418
0.002509194891899824
-0.005013066343963146
0.00498645193874836
-0.004997097421437502
0.007506291847676039
-0.015001938678324223
0.010004841722548008
0.0025145174004137516
0.0025145174004137516
-5.322886863723397e-06
-0.0025091946590691805
-0.00249322596937418
-0.0025091946590691805
0.004997097421437502
0.002509194891899824
5.322886863723397e-06
0.007500969339162111
9.094947017729282e-13
-0.0050077433697879314
5.322886863723397e-06
0.0
-0.002509194891899824
0.007516938261687756
0.0
0.004997097421437502
-1.2129440307617188
-2.6314697265625
-1.280242919921875
-0.0049591064453125
1.55963134765625
-0.1766071319580078
-0.27178955078125
0.05340576171875
-18.89892578125
-42.26026916503906
-411.618408203125
-439.6966247558594
-3.4327774047851562
11.526224136352539
-490.9824523925781
-378.8150939941406
-305.47918701171875
-303.1259765625
-137.6907958984375
-10.453365325927734
-78.26016235351562
-213.1249237060547
-325.39837646484375
-690.426513671875
-530.5821533203125
-425.056396484375
24.460840225219727
174.386474609375
630.8338623046875
693.3232421875
250.07864379882812
160.72967529296875
-225.8079833984375
-581.7554931640625
-794.0860595703125
-505.3446960449219
-643.4027099609375
-365.3028564453125
-197.52090454101562
-51.96088790893555
1.8282159566879272
-0.1588842272758484
-0.4774291515350342
-36.013240814208984
-106.1590805053711
-96.8697280883789
-149.47845458984375
-310.66015625
-465.9564208984375
-13.63360595703125
-213.350830078125
-220.89813232421875
-478.3494567871094
70.49635314941406
10.330458641052246
0.13630324602127075
1.7416536808013916
-0.012795984745025635
-0.5753419399261475
0.8137024641036987
0.4907796382904053
-1.227877140045166
0.6598227620124817
0.22041523456573486
0.059329040348529816
-0.9432889223098755
1.4529378414154053
-0.9352800846099854
1.173689603805542
-1.0146721601486206
1.6155635118484497
-1.1067572832107544
1.0755752325057983
-1.1048519611358643
