0.0979953482747078
-7663.42333984375
6.836411952972412
-433.64605712890625
452.0097351074219
537.11083984375
39.272430419921875
-478.44921875
262.96600341796875
431.3168029785156
-594.0537719726562
431.1504211425781
24.28952980041504
-338.3229675292969
-629.8877563476562
444.4945068359375
465.06390380859375
596.5803833007812
-599.4116821289062
-317.9350891113281
432.802490234375
240.64491271972656
19.250244140625
-441.4151611328125
429.47845458984375
385.9373779296875
-451.19915771484375
-408.843505859375
356.404052734375
128.71029663085938
-515.4613037109375
-69.7294692993164
116.46440887451172
251.11111450195312
-310.4875793457031
-399.0590515136719
367.84051513671875
174.46224975585938
-395.6995849609375
-714.2650756835938
7.604079246520996
1.5429250001907349
0.1482647955417633
0.03518444672226906
0.0030365148559212685
0.0009922860190272331
-1.5690220607211813e-05
0.00021149241365492344
0.000282451044768095
5.5327313020825386e-05
-1.567929757584352e-05
-0.00048414545017294586
5.532032810151577e-05
-0.00015766452997922897
-0.0002428707666695118
0.00012635206803679466
-1.567399340274278e-05
0.00012632878497242928
0.00012627383694052696
-0.0002427960280328989
-0.00024285842664539814
-2.9827933758497238e-05
5.530752241611481e-05
-0.0001576547510921955
-0.00015766173601150513
6.951135583221912e-05
0.0001972452737390995
-1.5642472135368735e-05
-8.665630593895912e-05
-0.0003280063974671066
5.5305659770965576e-05
-0.0002427955623716116
0.00012629199773073196
5.531799979507923e-05
-8.665979839861393e-05
5.528237670660019e-05
-0.00046993792057037354
-0.00015767524018883705
-8.663581684231758e-05
0.00022559450007975101
-0.00024279882200062275
0.00028247246518731117
0.0004669339396059513
-0.00018595019355416298
-7.251836359500885e-05
-0.00021434668451547623
1.2644566595554352e-05
-0.0003989527467638254
-0.000399014912545681
0.00014051001926418394
0.0002114633098244667
-0.0002569993957877159
0.000211457721889019
0.00015470106154680252
-0.0002428595907986164
-0.00017181520524900407
8.364347741007805e-05
-1.565495585964527e-05
0.00012629060074687004
-0.00017181975999847054
-1.568329389556311e-05
0.00021146866492927074
-0.0003848210908472538
-1.5649649867555127e-05
0.00015465496107935905
68.73798370361328
225.1051025390625
413.8518371582031
142.32591247558594
-709.9400634765625
19.47989273071289
417.2517395019531
315.3865661621094
347.6114501953125
290.0638732910156
-370.2710876464844
94.48518371582031
324.8170471191406
10.585355758666992
-435.608154296875
177.9011688232422
334.66973876953125
175.66722106933594
-679.1810913085938
-83.54878234863281
303.0069274902344
210.46316528320312
643.4547729492188
343.9833984375
399.84100341796875
-104.06118774414062
-21.29899787902832
340.77227783203125
135.224609375
-27.540008544921875
190.6776123046875
845.8079833984375
-408.5410461425781
0.408721923828125
-54.4810791015625
670.7713623046875
191.48727416992188
262.9883728027344
-824.3717041015625
-440.4458923339844
-3.1586873531341553
2.194159984588623
1.0890151262283325
65.45831298828125
227.66551208496094
27.382984161376953
336.2188720703125
675.9248046875
-5.646209716796875
-298.55816650390625
-297.66778564453125
705.0827026367188
-1106.054443359375
-218.81407165527344
-0.8094420433044434
0.2471507489681244
0.27618682384490967
0.6654567718505859
0.4277249574661255
0.46261245012283325
0.4423255920410156
0.6925560235977173
0.5075808763504028
0.4070683419704437
0.48096537590026855
0.6204314827919006
0.5074343681335449
0.6093101501464844
0.33438640832901
0.5722169876098633
0.5836701393127441
0.41602081060409546
0.4813497066497803
0.627868115901947
