0.0006130646112012528
0.000613314562059486
0.000613598780915936
0.000613738662934793
0.0006139542087026939
0.0006142968202595966
0.0006146820612116244
0.0006149477753467636
0.0006152690721989984
0.0006156633599090355
0.0006159429868688449
0.0006162819659891738
0.0006167108643779784
0.0006169512887481687
0.0006169013259977874
0.0006165635804791236
0.0006048644138445525
0.0005786731692580815
0.0005681048811396749
0.0005631109014387903
0.0005501251423964959
0.000531674115734404
0.0005101199838435377
0.000493312553643932
0.0004739057237088673
0.00044275956497585867
0.0004141622950015744
0.00039356167042114976
0.000357116546723546
0.0003229678593470453
0.0002959321482478572
0.0002716568109093487
0.00023656237790703472
0.00019114861386526627
0.00016374392197349152
0.00014521779695542136
0.00012012738646660637
8.635614408092351e-05
6.098177172475516e-05
6.112876008046442e-05
6.121361623456778e-05
6.122236742100995e-05
6.122364389682389e-05
6.122384094453537e-05
6.122385808282615e-05
6.122385808282615e-05
6.122385808282615e-05
6.122385808282615e-05
6.122385808282615e-05
6.122385808282615e-05
6.122385808282615e-05
6.122385808282615e-05
6.122385808282615e-05
6.122385808282615e-05
6.122385808282615e-05
6.122385808282615e-05
6.122385808282615e-05
6.122385808282615e-05
6.122385808282615e-05
6.122385808282615e-05
6.122385808282615e-05
6.122385808282615e-05
6.122385808282615e-05
6.122385808282615e-05
6.122385808282615e-05
6.122385808282615e-05
6.122385808282615e-05
6.122385808282615e-05
6.122385808282615e-05
6.122385808282615e-05
6.122385808282615e-05
6.122385808282615e-05
6.122385808282615e-05
6.122385808282615e-05
6.122385808282615e-05
6.122385808282615e-05
6.122385808282615e-05
6.122385808282615e-05
6.122385808282615e-05
6.122385808282615e-05
6.122385808282615e-05
6.122385808282615e-05
6.122385808282615e-05
6.122385808282615e-05
6.122385808282615e-05
6.122385808282615e-05
6.122385808282615e-05
6.122385808282615e-05
6.122385808282615e-05
6.122385808282615e-05
6.122385808282615e-05
6.122385808282615e-05
6.122385808282615e-05
6.122385808282615e-05
6.122385808282615e-05
6.122385808282615e-05
6.122385808282615e-05
6.122385808282615e-05
6.122385808282615e-05
6.122385808282615e-05
6.122385808282615e-05
6.122385808282615e-05
6.122385808282615e-05
6.122385808282615e-05
6.122385808282615e-05
5.9891770646913756e-05
5.22519280252709e-05
3.24662609330062e-05
9.013027053583755e-06
2.2392594871689653e-06
-1.7822846132276027e-06
-1.4703479394029273e-05
-3.794156052094877e-05
-7.20018835522751e-05
-0.00011288447450397143
-0.00014220456813518467
-0.00016286880271820792
-0.00019013669670187028
-0.00022237156720450457
-0.00023443265543221514
-0.0002239087272641882
-0.0001913752967510618
-0.000150265800186844
-0.00013730850071169698
-0.00013412222700992515
-0.0001238085501995556
-0.00011001699606083548
-0.00011541782269830492
-0.00015135821288936313
-0.0001892339745523941
-0.00021093297446839188
-0.00024135260001401093
-0.000278820212557207
-0.0003064372804146842
-0.0003072187623587297
-0.00029823115468730066
-0.0002826239100954808
-0.00027264799592785494
-0.0002819239688989228
-0.00030399380007395393
-0.00033439973555005054
-0.0003606752108709088
-0.0003746326393070376
-0.00037855930760599676
-0.0003783760765685429
-0.00037837888653768914
-0.0003783794348350966
-0.00037838025725989155
-0.0003773055097155975
-0.0003699174983893272
-0.000348460619107982
-0.0003187611528829848
-0.00028768630588160704
-0.00026396991403032644
-0.00024569221494630256
-0.0002369413478078286
-0.00024682749693738515
-0.0002557247570251775
-0.0002559563230875028
-0.0002560122141943566
-0.00025606791686527686
-0.0002560957596102753
-0.00025613569897586785
-0.00025618900286872304
-0.00025621645154672024
-0.000256240816099762
-0.00025629776952484917
-0.00025633109515865726
-0.00025635799555345784
-0.00025639437104985063
-0.00025644745218755816
-0.00025649220620493907
-0.0002565392561848512
-0.0002565672188836743
-0.00025664012406423353
-0.0002566505415302345
-0.00025670876287620104
-0.0002567345838286883
-0.0002567645512101535
