0.11254122108221054
-20345.33203125
279.8680419921875
-503.0853271484375
704.3529052734375
-496.30157470703125
-44.122161865234375
-221.30654907226562
521.2236938476562
-200.06488037109375
-269.60906982421875
-13.1402587890625
645.3756713867188
190.56488037109375
-612.6549682617188
-321.85626220703125
93.94480895996094
243.8880615234375
31.04412841796875
-426.95428466796875
-18.019956588745117
0.9212851524353027
0.3169328272342682
-0.004782840609550476
0.25009992718696594
0.09044940024614334
0.11582637578248978
0.13508903980255127
0.12260396778583527
0.20578178763389587
0.07364335656166077
0.12145459651947021
0.15958485007286072
0.13086828589439392
0.08767304569482803
0.1726224720478058
0.07132694125175476
0.14650291204452515
0.11356370151042938
0.1149328202009201
0.10794837027788162
0.0860549658536911
0.11501393467187881
0.0994270071387291
0.09802479296922684
0.1589195728302002
0.04168550670146942
0.10053830593824387
0.1914452612400055
0.0776904970407486
0.06100388243794441
0.07306533306837082
0.11075079441070557
0.08334352821111679
0.09202321618795395
0.07868623733520508
0.0925845354795456
0.08178085088729858
0.13977369666099548
0.0034739328548312187
0.18015353381633759
-0.002554163336753845
0.12945395708084106
0.07090878486633301
0.13528797030448914
0.06634120643138885
0.026790067553520203
0.10781904309988022
0.09148628264665604
0.00028908485546708107
0.1665153056383133
0.07253626734018326
0.046930015087127686
0.024721842259168625
0.15868446230888367
-0.028793271631002426
0.07501660287380219
0.11889414489269257
0.12236455082893372
-0.017615586519241333
0.14698180556297302
-0.037556931376457214
0.1335882991552353
0.03620314598083496
0.11336122453212738
0.05198727920651436
0.0059862881898880005
0.03615759313106537
0.15808166563510895
0.03101450949907303
0.08893710374832153
-0.0497450977563858
0.15881454944610596
0.048356324434280396
-0.03650578856468201
0.11392878741025925
0.016126593574881554
0.09982769936323166
-0.0014377981424331665
0.08050407469272614
0.030669797211885452
0.07646924257278442
0.016806326806545258
0.0145639106631279
0.12456067651510239
0.0118178091943264
0.10672082006931305
-0.04753045737743378
0.06949298083782196
-0.05273972451686859
0.18580298125743866
-0.098471999168396
0.13402916491031647
-0.08731716871261597
0.15412670373916626
