0.0004992187477341758
0.0004909865440509975
0.00047229560705375206
0.00045044618769907174
0.0004307715189781902
0.00040805138382893347
0.0003821914766461987
0.00035733164699536246
0.00032796691070302586
0.0002986405545755133
0.0002724040419650464
0.00024917249103850736
0.00022206020805981552
0.00020513686634160422
0.00019550311824900746
0.00019326932381602546
0.00018402133069628235
0.00016519757089383802
0.00014606736944244858
0.0001458500760094239
0.0001458622240022578
0.00014585201213890286
0.0001458423656828245
0.00014583672859203034
0.00014582543730057296
0.00014582007436558797
0.0001458121413122626
0.0001458086973684658
0.0001458056475343028
0.0001457948188345881
0.00014579089514654697
0.0001457853437329959
0.00014577986084418626
0.000145773024371465
0.00014577062562182164
0.0001457614075377478
0.00014575832338437067
0.00014575063022448376
0.0001457451644739649
0.00014573685449192908
0.00014572607720708675
0.00014572588872852066
0.00014571691050946356
0.0001457126612791626
0.00014570920022549672
0.0001457025522171307
0.00014569835438749124
0.00014569237461614648
0.00014568281385152204
0.00014567313313307295
0.00014565891189022295
0.00014565325768955972
0.00014564446793485786
0.0001456359009495145
0.00014563026385872035
0.0001456228276879301
0.0001456154943468846
0.00014561107379051919
0.00014560043355515973
0.00014559686968595997
0.00014558967340860818
0.00014558372789963414
0.0001455761718176518
0.000145569403869672
0.0001455592433927677
0.00014554992250737087
0.00014554079008632925
0.00014553422776941716
0.00014552554083024916
0.00014552357040997776
0.0001455174706990192
0.000145507293098035
0.0001454992572575975
0.00014549329462454352
0.0001454830656228978
0.00014547943321474577
0.0001454747213642804
0.0001454685873767403
0.00014545890667250205
0.00014545155619316574
0.0001454428692397869
0.00014543670098987604
0.00014543056703075763
0.00014542390189831167
0.00014541243926657899
0.00014540474609248122
0.0001453956650721011
0.000145391244487314
0.00014538125535068502
0.00014536871327663903
0.0001453603518939417
0.0001453508939164294
0.0001453395683341796
0.00014532644368614456
0.00014531719132548915
0.0001453058143567887
0.00014529740154500814
0.00014528330027019365
0.00014527754325399655
0.00014526923325774987
0.00014525789053720928
0.0001452448515664173
0.00014523613035066774
0.00014522823157392395
0.00014521481566021066
0.00014520472373646953
0.0001451904168305873
0.00014518378596051207
0.00014517350555820485
0.00014516978748702059
0.00014515719399810223
0.00014514617681982145
0.00014512991666038033
0.0001451281689952566
0.00014511447892573415
