0.0006819673646064881
0.0007215249144548784
0.0007480290259389584
0.000767501067918354
0.0008011606822740235
0.000829025507842798
0.000838301515085318
0.0008489459809824715
0.0008733490523244946
0.0009035783704852891
0.0009176608086112396
0.0009146215103942623
0.0008887175002764353
0.0008546804580742657
0.0008332510959807978
0.0008316400883614348
0.0008275290924441267
0.0008292601066295368
0.0008439270884458449
0.0008453778588570877
0.0008453244007637029
0.000845291434939449
0.0008452789613843259
0.000845270462918198
0.0008452588117952808
0.0008452539457380624
0.0008452419519350595
0.000845240444142682
0.0008452356466214807
0.0008452256403629753
0.0008452226247782203
0.0008452129611998008
0.0008452061761341019
0.0008452021325090895
0.0008452011730048492
0.0008451897960260006
0.0008451854097209024
0.0008451738956700195
0.0008451698520450071
0.000845163341123377
0.0008451588862822615
0.0008451514843924083
0.0008451446307906923
0.0008451417522779716
0.0008451363379326159
0.0008451310606592946
0.0008451232475533383
0.00084511283007873
0.0008451076213414259
0.0008450960387545258
0.0008450804125426134
0.0008450671850913015
0.000845052861063715
0.0008450423065170724
0.0008450355899873907
0.0008450270915212628
0.0008450150977182599
0.0008450082441165439
0.0008449975524978669
0.0008449878203834302
0.0008449865867351213
0.0008449716458833804
0.0008449656147138703
0.0008449519760464555
0.0008449463560930483
0.0008449372408027661
0.0008449208606946648
0.0008449098949319193
0.0008449021503619802
0.000844898655025105
0.0008448913216712689
0.0008448835771013298
0.0008448717203703611
0.0008448645240885593
0.0008448529415016593
0.0008448476642283379
0.0008448390286901758
0.000844831832408374
0.0008448197700693539
0.0008448105177070373
0.0008448037326413384
0.0008447905051900265
0.000844784679628568
0.0008447761811624401
0.0008447629537111282
0.0008447535642767773
0.000844741844617843
0.000844732866399595
0.0008447230657491411
0.0008447116887702926
0.0008447037385923019
0.0008446874270202179
0.0008446764612574723
0.0008446648786705722
0.0008446478817383166
0.0008446349284310734
0.000844622797556036
0.0008446075825602266
0.0008446014828546993
0.0008445922990283998
0.0008445783176808992
0.000844561526356695
0.0008445500123058121
0.0008445417194477357
0.0008445245854434457
0.0008445105355599279
0.0008444963486043759
0.0008444903174348658
0.0008444809280005149
0.0008444746912229532
0.0008444666039729284
0.0008444479621762609
0.0008444280181952673
0.0008444241801783064
0.0008444104044388572
