-0.05434079095721245
26364.806640625
527.9497680664062
464.5596008300781
-272.4563903808594
258.98394775390625
600.4886474609375
-12.476554870605469
-142.3489990234375
-134.40145874023438
253.14622497558594
328.616943359375
324.6866455078125
458.4781494140625
84.98870849609375
-52.64935302734375
-26.837127685546875
-122.42747497558594
-237.94024658203125
42.82408142089844
18.939043045043945
-0.5789816379547119
-0.2555192708969116
-0.2901404798030853
-0.028885602951049805
0.059520941227674484
-0.11952880024909973
-0.08933228999376297
0.11136974394321442
0.0034693628549575806
-0.011084120720624924
-0.10082485526800156
0.05788358300924301
-0.1463235765695572
0.10434126853942871
0.09345449507236481
-0.1175820454955101
0.09588337689638138
-0.03954742103815079
-0.2052294909954071
0.01969132572412491
-0.07507690787315369
-0.07361458986997604
-0.02543460577726364
0.08588829636573792
0.12222325801849365
-0.05590653419494629
-0.06273284554481506
0.07179710268974304
0.012863654643297195
-0.01765357330441475
-0.024000825360417366
0.01830963045358658
-0.19230009615421295
0.06765547394752502
-0.13618060946464539
0.15574368834495544
-0.11628943681716919
0.03445956110954285
-0.09380031377077103
0.08184070885181427
0.03337126225233078
-0.15350118279457092
0.12868943810462952
-0.11784744262695312
0.11709067970514297
-0.22393280267715454
0.12347695231437683
-0.08746635168790817
-0.06250528246164322
0.10642367601394653
0.13074007630348206
-0.09461909532546997
-0.042497582733631134
0.10666737705469131
-0.1503298133611679
-0.048369646072387695
-0.12148162722587585
0.24790383875370026
-0.23220282793045044
0.36917710304260254
-0.39919307827949524
0.09379822760820389
-0.03886089101433754
0.18159529566764832
-0.06262049078941345
-0.26060500741004944
0.08418452739715576
-0.02028905600309372
-0.036446601152420044
0.36603012681007385
-0.2124873399734497
0.2514412999153137
-0.44617438316345215
0.2571653127670288
-0.10160540044307709
-0.0992591381072998
-0.09153448045253754
-0.09532766044139862
0.19540145993232727
0.03706951066851616
-0.08851966261863708
0.03460724651813507
-0.1787986308336258
0.2047598958015442
-0.11044660210609436
0.12119047343730927
-0.35246217250823975
0.09999492019414902
-0.2748449444770813
0.346475750207901
-0.025646552443504333
0.16117531061172485
-0.5469645857810974
0.36605188250541687
