0.0842842161655426
36901.3515625
-272.439697265625
-1500.5087890625
1070.9248046875
-346.54412841796875
-282.9460144042969
1025.9613037109375
-1161.8126220703125
143.5814666748047
574.4137573242188
-243.5621795654297
-697.497802734375
1432.9403076171875
-877.46337890625
-258.6911315917969
1043.95751953125
-724.5685424804688
-184.22052001953125
1209.5042724609375
-1121.7705078125
635.6930541992188
371.0891418457031
-1116.26416015625
783.6272583007812
137.400390625
-835.8008422851562
652.5615844726562
119.64631652832031
-1227.4937744140625
506.9703674316406
178.36093139648438
-1160.55224609375
606.3434448242188
-2380.386962890625
-436.9117126464844
14.046904563903809
1.2373626232147217
0.1374969184398651
0.03000239096581936
-0.00259790918789804
0.0024528438225388527
0.002452842891216278
-0.002648923546075821
0.0024528447538614273
0.0024528438225388527
0.002554871141910553
-0.0026489244773983955
-0.00514879310503602
-0.007852720096707344
-0.0025468948297202587
0.002452842891216278
-0.005148794036358595
0.002503858180716634
-4.702610749518499e-05
0.002452842891216278
-4.702535807155073e-05
-4.702610749518499e-05
0.0024528438225388527
0.005054740700870752
0.002503857249394059
-0.002750950865447521
0.002452842891216278
-0.002648923546075821
0.005003727041184902
-0.0024958804715424776
0.005003727041184902
-0.0025468957610428333
5.5001102737151086e-05
-0.0025468957610428333
5.500260158441961e-05
-0.00259790918789804
-0.005148791242390871
-4.702610749518499e-05
0.0025548716075718403
0.002503856783732772
-0.0050977799110114574
-0.0025979101192206144
0.0025548716075718403
-4.702610749518499e-05
39.07386016845703
840.2505493164062
1178.307373046875
835.0283203125
-616.9702758789062
806.6892700195312
1198.7113037109375
405.00592041015625
-1101.1419677734375
673.3466796875
-158.250732421875
-534.1719970703125
567.8043823242188
-533.7197875976562
-306.3004150390625
641.8118896484375
189.53952026367188
-353.31341552734375
-151.10409545898438
642.798828125
-721.6249389648438
-222.36264038085938
739.3756103515625
140.5601806640625
-2017.3997802734375
-296.6555480957031
8.84593391418457
0.9821054935455322
0.1008688285946846
0.016859252005815506
0.0062521668151021
-9.714625775814056e-06
-0.0006526168435811996
-0.0006465923506766558
-0.0003341205883771181
-2.1648826077580452e-05
-1.5638541299267672e-05
-0.0003222667146474123
0.00030281604267656803
0.0006152873393148184
0.0006033206591382623
-0.0003281549725215882
0.0003027187194675207
-0.0006465832702815533
-1.5609703041263856e-05
0.0006211977452039719
-0.001277596689760685
-0.000652617309242487
-2.155546098947525e-05
0.0006152286659926176
-0.00033407285809516907
0.0002967589534819126
-0.0003341033589094877
-0.0003341119736433029
-1.567998515383806e-05
-0.0006466160994023085
-9.72324050962925e-06
-0.0009651086293160915
-0.00032812502468004823
-2.166861668229103e-05
-1.5638415788998827e-05
-0.0006466261111199856
-0.0006585563533008099
0.0006093292031437159
-9.695533663034439e-06
0.0006092787953093648
0.0006212908774614334
-0.0003401446156203747
-2.1597836166620255e-05
-9.73464921116829e-06
-0.0016019418835639954
0.0012342981062829494
0.0006212349981069565
-0.0006466407794505358
-3.7713907659053802e-06
0.0012402846477925777
-0.0012716292403638363
0.001234318595379591
-1.566438004374504e-05
-2.164579927921295e-05
-0.0003281403915025294
0.00029087066650390625
0.0003027264028787613
0.0006152903661131859
0.0006212545558810234
-9.754672646522522e-06
-0.0012775450013577938
-0.0012775864452123642
0.0012521487660706043
0.0006152864079922438
0.0006271977908909321
0.000302756205201149
0.00030279927887022495
0.00030870502814650536
-1.5690846339566633e-05
-9.713927283883095e-06
-2.162950113415718e-05
-1.5666628314647824e-05
-0.00032818634645082057
-0.0009591160342097282
-0.0009650611318647861
-1.5705078112659976e-05
0.0009278059005737305
-3.775116056203842e-06
-0.00065260985866189
0.0006153055001050234
0.0002997899428009987
-1.56642563524656e-05
0.0006152347195893526
-0.0015900363214313984
-2.1633459255099297e-05
-2.162344753742218e-05
0.0006033536046743393
-0.0006525558419525623
-1.566013634146657e-05
-2.1658139303326607e-05
0.0006093466654419899
-0.0009650792926549911
0.0006093090632930398
-1.566612809256185e-05
0.0006093115662224591
133.19580078125
387.3454284667969
562.4892578125
48.05263900756836
-1089.89892578125
395.7311706542969
683.5532836914062
249.3763427734375
200.7291717529297
807.0546875
-194.30392456054688
-542.3037109375
722.8187255859375
0.2964324951171875
-635.5191650390625
235.7490692138672
587.142578125
-340.8900451660156
-260.6689758300781
619.8723754882812
6.288665771484375
-548.6635131835938
366.36407470703125
141.2227325439453
-253.8822479248047
-429.6928405761719
545.9802856445312
275.0188293457031
-577.5274658203125
-214.63198852539062
675.0087280273438
3.133822441101074
-602.751220703125
139.78378295898438
446.7051696777344
-257.0971984863281
-404.3312683105469
124.8369140625
613.9308471679688
26.259944915771484
-587.0045776367188
522.3370361328125
261.2983093261719
-713.9122924804688
-103.84785461425781
635.1558837890625
-668.2807006835938
-864.1376953125
498.5417175292969
393.4975891113281
-730.4501953125
-155.0666961669922
557.2445678710938
392.0152282714844
323.66845703125
832.0253295898438
-249.3462677001953
-611.5225830078125
997.966552734375
-7.09735107421875
-704.5416870117188
1022.838134765625
-113.994873046875
-542.0018310546875
184.4532928466797
496.8055419921875
-852.1559448242188
588.552978515625
665.4730834960938
-821.5455932617188
254.1363525390625
514.1517944335938
-542.1544189453125
68.27665710449219
894.3602294921875
-1125.31787109375
605.2186279296875
692.7833251953125
-1180.9970703125
566.5665893554688
343.19244384765625
-916.1552124023438
704.5968627929688
177.59378051757812
-1056.145751953125
546.8865356445312
-9.259132385253906
-688.2199096679688
265.3316955566406
479.8599548339844
-585.282470703125
103.79647827148438
554.2619018554688
-733.0306396484375
55.879695892333984
489.5708923339844
-309.4822998046875
-176.27838134765625
570.8955078125
-168.4231414794922
-517.8239135742188
330.4376525878906
305.0577087402344
-459.2727355957031
-76.98233795166016
839.7605590820312
-696.7755126953125
-192.03863525390625
541.0479736328125
-402.04913330078125
-749.990234375
511.0314636230469
763.2506103515625
-1118.4476318359375
-1320.078369140625
13.529268264770508
4.393084526062012
0.3875380754470825
0.04876389726996422
0.008739239536225796
0.0011918912641704082
-0.001307878876104951
-0.0013078816700726748
0.002513188635930419
0.0011920100077986717
0.0024656320456415415
-5.79202787776012e-05
-0.0025816140696406364
0.002560686320066452
-0.0013078763149678707
-1.0479288903297856e-05
-0.002534089842811227
-0.0012841304996982217
-0.0038790921680629253
1.3366456187213771e-05
0.0012869838392361999
-0.001307919155806303
-0.0025815959088504314
-3.4205026167910546e-05
-0.001284166588447988
-1.0425527761981357e-05
0.001215704600326717
0.0025132272858172655
0.0012869826750829816
-0.0025578271597623825
0.0025844592601060867
-3.422857844270766e-05
-0.0006353978533297777
-0.001956657040864229
-0.0025815917178988457
0.5537990927696228
128.18496704101562
435.9571228027344
427.1927490234375
-129.59811401367188
-793.2890625
378.63543701171875
591.2642211914062
501.38775634765625
609.6402587890625
-193.5016632080078
-431.3104553222656
443.52880859375
247.84634399414062
-642.1387329101562
203.40835571289062
567.4025268554688
-410.3001708984375
135.5904083251953
557.1944580078125
-230.70376586914062
-236.54934692382812
507.27508544921875
-444.7509765625
-293.3050537109375
1115.75390625
-576.7542114257812
-704.5323486328125
738.059814453125
-255.09326171875
-531.6875610351562
420.58612060546875
498.74267578125
-817.0413208007812
6.31353759765625
406.1764221191406
-506.1868591308594
-399.9566650390625
-84.69422149658203
355.8881530761719
-21.044395446777344
-830.7635498046875
338.447998046875
301.2352600097656
-634.036376953125
149.7921142578125
520.9428100585938
354.4591369628906
454.8888854980469
-537.1786499023438
83.8324966430664
326.0615234375
72.38164520263672
-677.1548461914062
234.68190002441406
506.48162841796875
-402.28546142578125
-340.4988708496094
391.75048828125
403.21221923828125
-725.6968994140625
191.18504333496094
403.6910095214844
-178.31085205078125
-230.83665466308594
355.3067626953125
298.5227966308594
-750.343505859375
459.1038513183594
539.909912109375
-688.3775634765625
-187.9329376220703
738.7674560546875
-184.95303344726562
-376.7350158691406
470.53961181640625
72.35589599609375
-899.7060546875
922.1990966796875
99.47251892089844
-967.2819213867188
826.0194702148438
-208.29501342773438
-331.7892150878906
71.36621856689453
169.70541381835938
-842.0250244140625
-603.775146484375
392.97979736328125
317.5851135253906
668.7011108398438
-811.4820556640625
-625.8179321289062
263.8402404785156
426.26519775390625
64.76480102539062
123.49663543701172
439.1703186035156
-336.4903564453125
-468.88702392578125
333.0465393066406
375.2879943847656
-140.867431640625
-344.82757568359375
105.30416870117188
631.5635986328125
-486.3714294433594
-276.3783264160156
300.9229736328125
545.5503540039062
-619.2926025390625
-348.9687194824219
618.3576049804688
123.9904556274414
-190.6761016845703
-203.01638793945312
433.8904724121094
-81.31121826171875
-406.88427734375
-132.92005920410156
825.14990234375
-248.2166748046875
-183.16954040527344
-284.258544921875
773.486083984375
-11.319002151489258
-657.8831787109375
464.5877685546875
102.73353576660156
-406.15386962890625
-13.608983993530273
809.408203125
-462.3348388671875
-437.0915222167969
287.48541259765625
341.3779602050781
-576.6907958984375
-277.196044921875
372.96832275390625
356.4408264160156
-417.47198486328125
-272.167724609375
193.09364318847656
436.7958679199219
-403.3851623535156
-212.41928100585938
337.74822998046875
191.2946014404297
-119.23589324951172
-443.56048583984375
211.28823852539062
426.573974609375
-84.21469116210938
-473.2840576171875
171.9951629638672
430.522216796875
-468.67510986328125
-683.7943115234375
396.5265197753906
447.5189514160156
25.80694580078125
-1165.9383544921875
-88.96705627441406
4.532606601715088
0.25087103247642517
-0.004124707542359829
-0.0029092105105519295
-0.0029264718759804964
-0.0016764516476541758
-0.0041419523768126965
-0.004159164614975452
-0.005391922779381275
-0.004159213975071907
-0.005409151315689087
-0.00542641244828701
-0.0016937297768890858
-0.004159197211265564
-0.00542641244828701
-0.0016937297768890858
-0.004176425747573376
-0.0041419523768126965
-0.002926438581198454
-0.002891965676099062
-0.0041764420457184315
-0.002926455345004797
-0.005391922779381275
-0.0004437102470546961
-0.004176408983767033
-0.002909227041527629
-0.0029092105105519295
-0.005391955375671387
-0.005409167613834143
-0.005426396150141954
-0.0029436834156513214
-0.004159197211265564
-0.006624680943787098
-0.0053746942430734634
-0.004159197211265564
-0.005391939543187618
-0.0029092105105519295
-0.004159197211265564
-0.0016764849424362183
-0.005409167613834143
-0.004159180913120508
-0.004176408983767033
-0.006624698638916016
-0.004176425747573376
-0.002909227041527629
-0.0053746942430734634
-0.0053747110068798065
-0.004176408983767033
-0.015090970322489738
65.86968231201172
241.4800262451172
404.6541748046875
-51.076316833496094
-228.82498168945312
467.6361389160156
194.7526397705078
315.37506103515625
-227.37684631347656
-240.21470642089844
464.6549072265625
-131.39723205566406
-286.0664367675781
-154.65380859375
330.5047912597656
309.9991760253906
-317.0487060546875
-346.7381896972656
653.2935180664062
122.70659637451172
-400.2486572265625
214.6231231689453
740.1143798828125
-917.4649047851562
378.46380615234375
525.043701171875
-228.90859985351562
-846.140869140625
1018.4114379882812
-109.09039306640625
-247.07398986816406
212.70533752441406
190.66851806640625
-1072.924072265625
803.2298583984375
210.86892700195312
-712.3311157226562
15.978382110595703
531.0103759765625
-247.19525146484375
-525.6007080078125
389.6171569824219
377.2129821777344
-627.1069946289062
-141.2235870361328
383.6798095703125
211.16448974609375
-261.9735412597656
-397.92138671875
280.7620849609375
554.6482543945312
-315.92193603515625
-228.72874450683594
280.210205078125
309.4911804199219
-563.1096801757812
-141.70567321777344
217.5440673828125
474.089111328125
-368.4132385253906
-1336.9111328125
472.4219665527344
427.5366516113281
472.6222229003906
-930.011962890625
-404.3446044921875
408.8824768066406
545.3884887695312
-453.3172302246094
73.31954193115234
518.8125610351562
396.4165954589844
95.66407775878906
-124.329345703125
91.96188354492188
114.879638671875
141.88912963867188
-478.94793701171875
381.5533447265625
41.90884780883789
-478.9791564941406
445.1205139160156
133.38795471191406
171.8907928466797
-1091.93017578125
217.49398803710938
424.26300048828125
-68.07596588134766
-877.5725708007812
-7.046360015869141
256.06341552734375
-465.35260009765625
-77.16783142089844
1.8374745845794678
0.1892523467540741
-0.002635388867929578
-0.0026334512513130903
-0.0023171077482402325
-0.0031041486654430628
-0.002949836663901806
-0.0024791390169411898
-0.0029478988144546747
-0.0026334512513130903
-0.002158899325877428
-0.0027877739630639553
-0.002793576568365097
-0.002789711579680443
-0.0027897220570594072
-0.002635388867929578
-0.002793576568365097
-0.0024752849712967873
-0.0023190139327198267
-0.0024791285395622253
-0.002477201633155346
-0.0026334617286920547
-0.002160836709663272
-0.002791638718917966
-0.0027916596736758947
-0.0020026392303407192
-0.002317097270861268
26.704118728637695
211.36294555664062
340.8377380371094
285.34283447265625
-823.102294921875
171.6063232421875
358.8988342285156
363.6521301269531
488.4365234375
-7.251498222351074
-458.7294006347656
102.91610717773438
291.2968444824219
-131.37901306152344
-362.0598449707031
216.9110870361328
403.1138000488281
-201.65318298339844
-276.3200378417969
113.70771026611328
319.36224365234375
305.39837646484375
-611.4437866210938
-152.76084899902344
518.5516357421875
145.70591735839844
-327.413330078125
6.892189979553223
371.28125
-76.44964599609375
-462.43475341796875
439.6455078125
339.4062194824219
-1013.884033203125
-1046.52587890625
527.714111328125
736.2679443359375
-1021.6842651367188
367.8146667480469
679.75732421875
284.495849609375
-1590.8046875
727.4542846679688
663.728271484375
-1392.72900390625
374.78179931640625
866.204833984375
487.7727355957031
1303.2156982421875
-460.89227294921875
-570.927490234375
591.0517578125
166.385498046875
-643.6084594726562
364.954833984375
-54.778472900390625
-510.6165771484375
207.05966186523438
406.1093444824219
-345.22357177734375
-291.4176330566406
-53.975990295410156
578.402099609375
-232.30441284179688
-453.31982421875
-781.6507568359375
182.7475128173828
382.8735656738281
-39.66871643066406
201.47000122070312
607.4639892578125
-410.6082763671875
-276.147216796875
440.224609375
392.624755859375
-513.2091064453125
-626.763671875
98.99996185302734
493.5497741699219
230.2528076171875
148.74456787109375
-1236.3319091796875
-121.2380142211914
78.82322692871094
-180.20704650878906
2.195028305053711
0.2484445422887802
0.031128378584980965
0.00746823288500309
0.002489479025825858
-0.004968206863850355
-3.1467992812395096e-05
0.0036973194219172
-0.0024682930670678616
3.164773806929588e-05
-5.252985283732414e-05
7.617916107177734
216.66294860839844
394.3980407714844
87.26919555664062
-304.6142272949219
94.37518310546875
462.79827880859375
-281.4285583496094
-494.55987548828125
-142.7657012939453
260.8978576660156
341.7817687988281
-63.000057220458984
-204.66798400878906
431.44384765625
61.85093307495117
-818.0171508789062
245.99363708496094
398.31524658203125
3.797663688659668
682.9142456054688
209.46182250976562
-570.7030029296875
-325.7381896972656
430.7602233886719
603.4949340820312
-156.50778198242188
-483.619140625
-183.01744079589844
740.501953125
-382.0315856933594
-291.7010498046875
523.593017578125
281.2889709472656
-509.2568664550781
17.754173278808594
377.83013916015625
-164.15911865234375
-529.867919921875
520.35986328125
245.6815185546875
-378.89739990234375
-95.91195678710938
336.04376220703125
-208.23995971679688
-370.5977783203125
214.10595703125
72.69410705566406
-693.2730102539062
-337.2949523925781
347.4658508300781
329.4247741699219
316.2882385253906
-759.9056396484375
-401.8079528808594
27.073640823364258
254.1834716796875
413.5330810546875
241.06813049316406
165.1820831298828
374.732421875
294.8512878417969
-372.114990234375
-46.25071716308594
432.44488525390625
140.09524536132812
-152.8826446533203
-230.53204345703125
449.9861755371094
-33.69456481933594
-360.4404602050781
-121.13994598388672
-49.95375442504883
-130.4282684326172
-583.2962646484375
341.19451904296875
392.3341064453125
246.5773162841797
-434.9295654296875
-548.3077392578125
6.46582555770874
0.9705020785331726
0.067879319190979
0.018108276650309563
0.003774442011490464
-2.193148247897625e-06
0.00015398766845464706
0.00014059986278880388
0.00014052657934371382
0.00032374588772654533
-0.00017195346299558878
0.0003102970076724887
-0.00019885622896254063
0.0001675104722380638
0.0002967640175484121
-0.00019878591410815716
-2.253451384603977e-06
-0.00018534797709435225
0.00012711086310446262
0.00014057126827538013
-2.250424586236477e-06
-0.00017187530465889722
0.00015397288370877504
-1.563117439218331e-05
0.0003236678894609213
-0.00018533202819526196
-0.00038200896233320236
-2.182205207645893e-06
0.0001271120272576809
-0.00018537172582000494
0.000337130855768919
0.0001540612429380417
0.00015397765673696995
-1.5642035577911884e-05
-1.5693531167926267e-05
0.0001405801303917542
-0.0001988457515835762
-0.00019877986051142216
-4.2619649320840836e-05
0.00014059054956305772
0.00012709328439086676
1.1259689927101135e-05
-2.9158894903957844e-05
0.00016749603673815727
-4.262523725628853e-05
-2.9065762646496296e-05
-0.00036855810321867466
0.00031029514502733946
-0.00035510212182998657
0.00015404087025672197
-2.911919727921486e-05
-2.2283056750893593e-06
-0.00018538848962634802
-0.00019879196770489216
-2.9165763407945633e-05
0.00015405425801873207
-0.0003550788387656212
0.00015403889119625092
-0.0001988573931157589
0.000154055655002594
-0.0001719270512694493
-1.5685354810557328e-05
-2.221320755779743e-06
0.0003102788468822837
-2.9177870601415634e-05
0.00012717535719275475
49.80522918701172
287.4695739746094
397.4347229003906
186.25242614746094
-268.770263671875
252.63641357421875
289.7216796875
253.40679931640625
-300.9539794921875
-309.84942626953125
420.4477233886719
328.2228698730469
-193.70193481445312
-576.6543579101562
439.8910827636719
235.9508514404297
-122.8679428100586
-325.6368408203125
733.8746948242188
-162.27590942382812
-411.1472473144531
-80.3923568725586
777.0986938476562
-130.3761749267578
-429.54095458984375
204.14451599121094
435.2186279296875
-888.4296264648438
126.30583953857422
552.052001953125
295.5457763671875
-1003.6973266601562
364.0659484863281
232.9001007080078
-1256.8741455078125
304.5773620605469
645.6754150390625
-740.9357299804688
-693.1895751953125
540.32470703125
616.3831176757812
-84.25253295898438
499.7754211425781
668.4027099609375
546.052978515625
-661.0703125
386.0770568847656
-580.6168823242188
191.54165649414062
42.77022933959961
433.484130859375
339.86785888671875
-837.4732055664062
-11.576431274414062
675.289306640625
-101.64111328125
-300.014404296875
210.19308471679688
-219.3558807373047
208.86019897460938
-229.0847625732422
640.2056884765625
171.4754638671875
-157.01742553710938
70.9227294921875
610.1034545898438
608.3026123046875
12.70233154296875
377.0184326171875
182.54794311523438
-1865.5054931640625
155.32347106933594
-107.39411163330078
-3.466434955596924
0.6434864401817322
-0.034053683280944824
-2.5139224529266357
-1.0324853658676147
-0.09790774434804916
0.009993374347686768
-0.11694646626710892
0.028621554374694824
0.03718126565217972
-0.04877328872680664
0.12899309396743774
-0.16580116748809814
