-0.07864576578140259
-94187.84375
-544.6546630859375
-286.7017822265625
-128.240234375
-312.8468017578125
-276.07861328125
-249.91094970703125
-311.3671569824219
-114.73572540283203
-17.178321838378906
-73.17394256591797
-8.595575332641602
3.626681327819824
-20.65845489501953
2.689537525177002
-0.10607996582984924
-0.8842499256134033
-2.5082569122314453
1.0490143299102783
0.6720147132873535
-0.13699278235435486
-1.8926708698272705
1.7688326835632324
14.961631774902344
8.99879264831543
15.7587308883667
-4.025525093078613
-0.20946025848388672
-0.8460197448730469
0.122772216796875
-0.3515331745147705
-0.7055950164794922
-0.1773548126220703
0.19228744506835938
-0.03242969512939453
-0.028330832719802856
0.002372797578573227
0.003596344031393528
0.004693150985985994
-0.00497473357245326
-2.6008596250903793e-05
-2.6008601707872003e-05
-0.009974472224712372
-2.600858897494618e-05
-2.6008596250903793e-05
0.009973469190299511
-0.009974472224712372
-0.009948965162038803
-0.029922422021627426
2.500576556485612e-05
-2.6008601707872003e-05
-0.009948965162038803
0.0049737305380403996
-5.01419265219738e-07
-2.6008601707872003e-05
-5.014112502976786e-07
-5.01419265219738e-07
-2.6008596250903793e-05
0.009947962127625942
0.0049737305380403996
-0.01997395046055317
-2.6008601707872003e-05
-0.009974472224712372
0.004948223475366831
0.005024744663387537
0.004948223475366831
2.5005756469909102e-05
0.009998977184295654
2.5005756469909102e-05
0.009998977184295654
-0.00497473357245326
-0.009948965162038803
-5.01419265219738e-07
0.009973469190299511
0.0049737305380403996
-0.004949226044118404
-0.00497473357245326
0.009973469190299511
-5.01419265219738e-07
-0.01570659875869751
0.1880779266357422
-0.6448135375976562
-0.4331398010253906
-3.5692853927612305
-53.530548095703125
-86.01522827148438
-792.644287109375
-1291.8155517578125
-549.4476318359375
-765.5795288085938
-496.03668212890625
-205.705322265625
-307.6622314453125
69.81304931640625
-67.5457763671875
48.01396179199219
-48.496917724609375
11.410446166992188
-4.4749755859375
-2.19329833984375
0.0179901123046875
-4.823974609375
-13.992507934570312
2.5247802734375
-0.158538818359375
-0.0039424896240234375
0.009838104248046875
0.0027398690581321716
3.983639180660248e-05
-0.0074854278936982155
-0.002500318456441164
0.004998171702027321
0.002498180139809847
0.0024989235680550337
0.002499666763469577
-3.2492880563950166e-07
-0.002501063048839569
-0.002499573864042759
-0.002498830668628216
0.0025011536199599504
-1.0690710041671991e-06
-0.002499575959518552
0.002498180605471134
-3.243294486310333e-07
-0.004998824559152126
0.00499668437987566
0.004998171702027321
0.0024996683932840824
-0.0024988320656120777
0.002498924732208252
4.1670864447951317e-07
0.0024989238008856773
0.0024989235680550337
-3.257900971220806e-07
0.0024981799069792032
-0.002500318456441164
0.004997427575290203
-1.068430719897151e-06
0.002499666064977646
-3.2492607715539634e-07
0.0024981796741485596
0.007498164661228657
1.1619995348155499e-06
-0.002500317757949233
1.160893589258194e-06
-0.004998822696506977
0.004998914431780577
0.002499667461961508
-0.0025003189221024513
0.009995928034186363
2.6489142328500748e-06
-0.004998823627829552
0.0024981792084872723
-0.005000310949981213
-0.002497343113645911
0.0024966918863356113
2.6492634788155556e-06
-3.2546631700824946e-07
0.002499666763469577
-1.068750862032175e-06
0.002500410657376051
-0.002499575726687908
-0.002498830668628216
-0.004998823627829552
-0.002500319154933095
0.0049966853111982346
0.004996684845536947
-0.007497328799217939
-0.002498830668628216
-0.007498815655708313
-0.002499575028195977
-0.0024995740968734026
-0.0049995677545666695
-3.260156518081203e-07
-0.0025003182236105204
0.0024996669963002205
-3.255117917433381e-07
-1.0697112884372473e-06
0.0024974357802420855
0.004997428506612778
-3.263121470808983e-07
-0.0024980863090604544
-0.005000310949981213
0.004998171702027321
-0.002498830435797572
-0.0012495784321799874
-3.2546358852414414e-07
-0.002498831832781434
0.004995941650122404
0.0024996669963002205
0.0024996669963002205
0.0025011543184518814
0.0049981726333498955
-3.2537627703277394e-07
0.002499666530638933
1.1623487807810307e-06
0.00499742804095149
1.1615338735282421e-06
-3.255017873016186e-07
1.1615920811891556e-06
0.0096893310546875
0.392364501953125
0.3258056640625
-0.00841522216796875
-0.0062255859375
-0.25396728515625
-0.2110595703125
-0.0249786376953125
-0.761627197265625
-20.42791748046875
-131.80001831054688
-386.43292236328125
-177.53659057617188
-532.2434692382812
-357.8177490234375
-328.5099792480469
-334.939697265625
-616.3780517578125
57.66851806640625
150.38670349121094
-239.0707550048828
160.44970703125
-77.9759750366211
35.67341995239258
12.694877624511719
-52.376914978027344
36.47914505004883
-35.97007751464844
31.402801513671875
-7.479104995727539
-2.7977454662323
7.679397106170654
-8.72652816772461
4.220547199249268
-1.7963757514953613
-0.835381805896759
4.487356185913086
-6.153012752532959
7.439362049102783
-2.893587350845337
-2.423611879348755
3.4803240299224854
-160.01686096191406
-303.8658447265625
115.78584289550781
-32.15632247924805
6.475414276123047
53.933631896972656
24.675687789916992
-4.030333042144775
3.434647798538208
19.88715934753418
6.35028600692749
-1.9713821411132812
0.37157437205314636
-3.505563735961914
-482.25732421875
-391.2482604980469
-159.54452514648438
-722.09326171875
-369.2142333984375
-207.84197998046875
-568.9171752929688
-396.4450378417969
-62.714630126953125
39.41387939453125
-94.18890380859375
33.59271240234375
-31.73858642578125
27.0482177734375
-44.645416259765625
-158.2490234375
-240.17593383789062
-183.26832580566406
-263.0177001953125
-290.9539794921875
-197.17401123046875
-214.0018310546875
-416.88525390625
-185.40835571289062
-251.1641845703125
-419.5091552734375
-95.7781982421875
-382.42999267578125
-215.92840576171875
-130.8230438232422
-243.4867706298828
-240.45248413085938
-94.4162368774414
6.5583038330078125
-113.56997680664062
6.460294723510742
-23.303192138671875
9.505287170410156
-13.667540550231934
3.4099526405334473
-4.703624248504639
0.5287514925003052
0.020830929279327393
-1.4059475660324097
0.3969348669052124
-0.0014845430850982666
0.9330074787139893
0.825839638710022
8.704140663146973
-1.8045697212219238
30.957679748535156
-12.580961227416992
2.359119415283203
-2.729851722717285
-3.0251007080078125
3.4578075408935547
-2.9543771743774414
-0.5623893737792969
-0.7380542755126953
-0.0136023610830307
-0.0017540976405143738
0.02131578139960766
0.004536456894129515
-8.314203296322376e-05
-0.005011652130633593
-0.004987896885722876
-0.004987896885722876
0.0024761322420090437
-0.005011651664972305
-0.0025236420333385468
-0.004999774508178234
-0.007475907448679209
0.007475908380001783
-0.004987896885722876
0.0
-0.0024761324748396873
-0.0024880096316337585
-0.012463805265724659
0.002499887254089117
0.004987897351384163
-0.004987896885722876
-0.007475907448679209
-0.0024998874869197607
-0.002488009864464402
0.0
-0.002511764643713832
0.0024761324748396873
0.004987897351384163
-0.004976019263267517
0.009975793771445751
-0.002499887254089117
5.938716185482917e-06
-0.007481846027076244
-0.007475907448679209
0.004754357039928436
0.05329442024230957
0.3451375961303711
-0.24772357940673828
0.47010815143585205
0.03957176208496094
-0.0229644775390625
-0.33890819549560547
0.28986358642578125
-0.6503400802612305
-0.3706831932067871
0.5255489349365234
0.0009717941284179688
0.3434638977050781
-0.558283805847168
0.08318376541137695
0.3038330078125
-27.578330993652344
-151.11599731445312
-32.233116149902344
-395.75457763671875
-259.9846496582031
-226.0540771484375
-312.7113952636719
-188.14651489257812
-168.3822021484375
-427.797607421875
-180.69580078125
-160.85302734375
-180.74618530273438
-191.29541015625
-72.0341796875
-197.63711547851562
-172.07781982421875
-160.20286560058594
-100.00177001953125
-78.6265869140625
11.1046142578125
-17.578262329101562
-14.451904296875
3.024076461791992
-25.0555419921875
14.1163330078125
-9.251007080078125
-31.91021728515625
18.83807373046875
-1.1473388671875
-7.964324951171875
2.369873046875
-2.35565185546875
-0.35857391357421875
0.68096923828125
-0.42589569091796875
0.9803466796875
-0.45587158203125
-0.526214599609375
0.199798583984375
0.16705322265625
0.029632568359375
-1.853668212890625
-388.00408935546875
0.42584228515625
19.556854248046875
-21.961563110351562
63.06813049316406
193.52706909179688
-82.47772216796875
12.97528076171875
-50.614898681640625
-107.6949462890625
-126.864990234375
-111.57028198242188
-61.340576171875
-191.88473510742188
-133.3451385498047
-67.74798583984375
-112.50834655761719
-112.43548583984375
-115.90336608886719
-83.57880401611328
-338.6507263183594
-104.97368621826172
-241.6271209716797
-175.2786865234375
-154.14404296875
-115.85098266601562
-180.49530029296875
8.37800407409668
-1.0034255981445312
-24.823118209838867
-202.32464599609375
45.49074172973633
14.936461448669434
2.1758415699005127
0.8442132472991943
-32.34148406982422
-2.6857874393463135
9.239948272705078
-45.05696487426758
39.96258544921875
-18.963836669921875
7.164644718170166
1.0944405794143677
-18.747304916381836
18.230411529541016
-12.178515434265137
10.32040786743164
1.4811362028121948
-6.005597114562988
8.778569221496582
-6.78647518157959
7.6463823318481445
3.77717924118042
-1.1162188053131104
-1.326310634613037
-13.606329917907715
4.991065979003906
-7.43410587310791
3.8417439460754395
-0.8568322658538818
-0.4355897307395935
0.44659605622291565
-1.12639582157135
0.8888752460479736
0.2627868354320526
-0.3348906338214874
1.5438156127929688
-1.7363389730453491
-97.13805389404297
-133.30274963378906
-96.60821533203125
-127.4236831665039
-288.6035461425781
-137.01864624023438
-116.34542846679688
-119.272705078125
-237.1650390625
-42.896488189697266
-65.5821533203125
-75.82365417480469
-114.62677001953125
-105.764892578125
-30.170486450195312
-55.0286865234375
-189.67388916015625
-61.735023498535156
-28.731689453125
10.48846435546875
-57.82422637939453
-13.80645751953125
20.78900146484375
-32.271453857421875
43.43609619140625
-33.205474853515625
-3.7828521728515625
23.99957275390625
-34.50811767578125
12.39959716796875
0.198577880859375
-1.339630126953125
0.35556602478027344
0.374755859375
-0.0438385009765625
-0.0062923431396484375
0.0007402598857879639
0.004999164491891861
-9.339186362922192e-06
-0.0025092801079154015
-0.002517902525141835
0.00249922345392406
-7.166527211666107e-07
0.0025078458711504936
-7.168855518102646e-07
7.90553167462349e-06
-0.002492035273462534
-0.005017843563109636
-7.168855518102646e-07
-0.002492035273462534
-0.005017843563109636
-0.002500657457858324
0.00249922345392406
-0.002509279875084758
0.002490601735189557
-0.0025006576906889677
-0.002509279875084758
0.0025078458711504936
-0.005026465281844139
-0.002500657457858324
-9.339186362922192e-06
-9.339186362922192e-06
0.0025078458711504936
7.905764505267143e-06
-0.002492035273462534
-0.005009220447391272
-7.168855518102646e-07
0.005016410257667303
0.005007787141948938
-7.168855518102646e-07
0.002507847035303712
-9.339186362922192e-06
-7.168855518102646e-07
-0.0025179022923111916
7.905764505267143e-06
-7.168855518102646e-07
-0.002500657457858324
0.005016408860683441
-0.002500657457858324
-9.339186362922192e-06
0.005007787141948938
0.005007786676287651
-0.002500657457858324
0.005076682195067406
-0.0982666015625
0.221771240234375
-0.13525390625
0.2535667419433594
-0.1024017333984375
0.077484130859375
-0.1841888427734375
0.174224853515625
-0.3333282470703125
-0.6192169189453125
0.493499755859375
0.172515869140625
-0.917724609375
0.668548583984375
-0.13983154296875
-0.29193115234375
0.10540771484375
-0.233795166015625
-3.28717041015625
1.1041793823242188
-4.085174560546875
13.414398193359375
-100.49456787109375
-232.8154296875
-53.595672607421875
-188.58251953125
-235.88072204589844
-138.7061767578125
-10.073486328125
-352.201904296875
-236.7347412109375
-156.35678100585938
-250.64352416992188
-221.526123046875
4.0860595703125
-350.52813720703125
-122.53359985351562
-118.96845245361328
-158.86868286132812
105.37154388427734
-136.56163024902344
24.305931091308594
7.277410984039307
-77.978759765625
70.68754577636719
-48.604652404785156
31.476566314697266
1.4256229400634766
-42.51030349731445
29.878047943115234
-18.97463607788086
16.886898040771484
2.9512579441070557
-10.421416282653809
23.81427764892578
-7.665035247802734
4.816239833831787
-1.2177979946136475
2.725794792175293
-7.010040283203125
1.492034912109375
0.6056632995605469
-0.059291839599609375
-0.2801551818847656
-0.011831283569335938
0.06466960906982422
-0.029069900512695312
0.008678436279296875
-0.014162063598632812
-15.609794616699219
-6.542762756347656
-108.29804992675781
-357.1807861328125
-666.748046875
-302.68212890625
-156.58055114746094
-426.78143310546875
-218.06167602539062
17.9727783203125
-58.578800201416016
3.62664794921875
5.21319580078125
-20.298133850097656
20.420944213867188
-11.2022705078125
-2.1068878173828125
1.95635986328125
-13.728668212890625
1.19207763671875
1.307602882385254
-0.3485565185546875
0.06146240234375
0.02603912353515625
0.0015865564346313477
0.0015458166599273682
0.0012499985750764608
0.0
-0.002499515190720558
0.0012492757523432374
0.002499515190720558
0.0012502394383773208
0.0012495166156440973
0.0
-0.003749273018911481
-0.0012502396712079644
0.00249975617043674
-2.4086330085992813e-07
-2.4086330085992813e-07
0.0012499985750764608
0.00249975617043674
-0.0012497574789449573
-0.001249516848474741
0.0012502394383773208
2.4086330085992813e-07
0.0
-0.0024992742110043764
0.001249757595360279
0.001249757595360279
-0.003749032272025943
-0.002499515190720558
-0.01314544677734375
-0.0160675048828125
-0.34454345703125
0.1163330078125
0.166259765625
-0.053558349609375
-0.55108642578125
1.156646728515625
-2.417816162109375
2.817981243133545
0.778076171875
-2.5785675048828125
2.51971435546875
-2.4878692626953125
0.048980712890625
2.136322021484375
-3.54449462890625
4.1428070068359375
-1.323883056640625
-0.832061767578125
1.254638671875
-2.052703857421875
2.58502197265625
-0.6165618896484375
-0.182373046875
0.0735015869140625
-0.453582763671875
0.4154171943664551
-0.044036865234375
-0.0032196044921875
-0.039886474609375
0.016571044921875
0.188385009765625
0.16387939453125
-0.1473388671875
0.0853271484375
-0.02435302734375
0.2349853515625
-0.316314697265625
0.08203125
0.07196044921875
-0.13720703125
5.84893798828125
-0.792724609375
-2.6329345703125
0.44158935546875
50.80926513671875
143.34002685546875
281.6168212890625
1221.573974609375
363.43206787109375
349.6805419921875
602.9453125
715.17041015625
137.42344665527344
231.26614379882812
99.94985961914062
84.0328369140625
98.40841674804688
214.69436645507812
95.58685302734375
64.8548355102539
49.111572265625
166.87109375
43.34228515625
-9.77490234375
4.921539306640625
6.45574951171875
2.0852890014648438
32.939422607421875
-2.4091796875
148.196533203125
106.27517700195312
-9.2957763671875
73.6767578125
126.39141845703125
11.5599365234375
26.86113739013672
-8.35662841796875
18.733230590820312
25.656600952148438
-38.9364013671875
2.3867568969726562
0.7932815551757812
-1.7168426513671875
0.01846599578857422
0.007088750600814819
0.007761498913168907
0.0025626742281019688
2.0680483430624008e-05
-0.005042267497628927
0.0024995505809783936
0.005031023174524307
-0.005021225661039352
-0.00500018335878849
0.004999460652470589
0.07434749603271484
2.2461700439453125
2.425567626953125
-0.33843994140625
-1.3001708984375
2.0319366455078125
-0.3018798828125
-0.24908447265625
2.027862548828125
-0.218170166015625
-0.181732177734375
0.063690185546875
0.1492156982421875
0.0950469970703125
0.064849853515625
0.2988739013671875
0.20794677734375
-0.0673828125
-0.31976318359375
0.24528956413269043
0.0010986328125
0.004730224609375
-0.06854248046875
-0.061187744140625
0.300994873046875
-0.1002197265625
-0.381011962890625
-0.39154052734375
0.145355224609375
0.16851806640625
0.531707763671875
-1.46527099609375
206.39254760742188
189.21495056152344
-247.11712646484375
117.208740234375
-202.35653686523438
96.96253967285156
195.17654418945312
-19.246612548828125
263.35540771484375
109.72099304199219
196.18869018554688
84.04786682128906
237.89175415039062
294.53643798828125
-29.529176712036133
190.8447265625
169.5293426513672
-2.3788018226623535
7.943284034729004
8.661312103271484
115.86237335205078
108.65887451171875
-13.863007545471191
-0.9163752198219299
-4.064703464508057
-3.5621399879455566
1.088985562324524
67.79927825927734
205.49810791015625
387.3171081542969
853.9170532226562
132.15220642089844
135.72601318359375
295.4153747558594
-255.51217651367188
-199.1969451904297
194.123291015625
136.69432067871094
-378.5295104980469
75.87682342529297
55.963706970214844
-74.58251190185547
16.988525390625
12.235870361328125
6.3900146484375
-6.83343505859375
-1.602569580078125
0.082275390625
0.01835012435913086
0.0054482221603393555
-0.00051908940076828
0.00019502639770507812
-0.003709453623741865
-0.0012499542208388448
-0.0012482729507610202
1.6548583516851068e-06
1.6547419363632798e-06
-0.002496518660336733
-1.7082347767427564e-06
-0.0012465912150219083
0.0024981468450278044
-0.002498200163245201
3.336230292916298e-06
0.0024981468450278044
-0.0012499542208388448
0.0012482195161283016
0.0012515822891145945
1.6548001440241933e-06
-0.0012499543372541666
-1.7081183614209294e-06
-0.0012482729507610202
-2.6609995984472334e-08
-0.00249651912599802
0.0012482195161283016
0.004996320232748985
-0.0012499542208388448
0.0012515822891145945
0.0012482193997129798
-0.0037464466877281666
-0.0012482727179303765
-0.0012482728343456984
-2.6628185878507793e-08
-2.6715497369877994e-08
1.65482924785465e-06
0.002498147077858448
0.0024981468450278044
0.0024998283479362726
1.6548437997698784e-06
0.0012515822891145945
-0.0024998816661536694
0.0012499007862061262
-0.002498200163245201
0.0024998283479362726
0.0012499010190367699
0.00374639336951077
-0.0012465912150219083
0.002496465342119336
-0.0012482728343456984
0.001249900902621448
-0.0012499542208388448
0.0012482193997129798
0.002498147077858448
0.001249900902621448
-0.0012482727179303765
0.0024964655749499798
-0.0012482727179303765
0.002498147077858448
-0.0012482727179303765
-1.7082056729122996e-06
-2.67018549493514e-08
-0.0012499542208388448
-0.0012465913314372301
0.0012499007862061262
0.0012515824055299163
0.22591400146484375
0.795196533203125
0.82989501953125
0.690093994140625
-0.56695556640625
0.437255859375
-0.183441162109375
0.068145751953125
1.608428955078125
-0.4156494140625
-0.794952392578125
0.594940185546875
0.5404205322265625
-0.91693115234375
0.089202880859375
0.1523590087890625
-0.42958831787109375
-0.256805419921875
0.14129638671875
0.535980224609375
0.182952880859375
-0.635101318359375
-0.21075439453125
1.2830352783203125
-1.832305908203125
0.123809814453125
0.413970947265625
0.5181884765625
-0.124114990234375
-0.26904296875
1.155853271484375
0.09625244140625
0.752105712890625
-1.764923095703125
-8.53466796875
2.695037841796875
-0.69342041015625
3.02984619140625
-0.11578369140625
7.63739013671875
4.0284423828125
53.09260177612305
224.79864501953125
435.1256103515625
703.8203125
884.3262939453125
271.9716796875
299.826904296875
161.27801513671875
53.709381103515625
75.6690673828125
246.8900146484375
-159.66278076171875
34.31233215332031
3.79656982421875
90.8870849609375
786.0971069335938
313.8572998046875
-204.03790283203125
-231.81307983398438
168.74154663085938
340.7216796875
713.8641357421875
232.00164794921875
-308.5224304199219
-558.0650634765625
-1038.52490234375
-806.1417236328125
21.44091796875
-133.81272888183594
-26.138671875
39.127708435058594
55.54871368408203
9.771796226501465
-1.7035279273986816
0.8940700888633728
4.175154685974121
2.184396505355835
0.541547417640686
-0.43317681550979614
0.5300236940383911
1.40378737449646
0.05951273813843727
-0.7593840956687927
-0.5042077898979187
-0.8333275318145752
