0.0008461240104759086
0.0008191009442698931
0.0007913362498221893
0.0007642582862664287
0.0007293073848114477
0.0006964064641657393
0.0006695282831
0.0006310766304245035
0.0005969267779380884
0.0005692816788403288
0.000525094658104815
0.0004948545797893264
0.00046539228246457806
0.0004280216483877461
0.0003948036801266556
0.00036366502609018226
0.0003256370973407774
0.00029348075198549524
0.0002639293235704303
0.0002242477406649847
0.00019204239205743314
0.00016069943215380586
0.00012090560438625648
9.26206701662954e-05
5.746733045062801e-05
1.9200390908379782e-05
-9.467796719539993e-06
-4.469823088751024e-05
-8.12642521228838e-05
-0.00010532905538521156
-0.00013486071115932587
-0.000164314073100837
-0.00018308886390965535
-0.00020614122742548918
-0.00021120420575515398
-0.0002110870091658104
-0.00021107342190040843
-0.00021107189697402661
-0.00021107165709796655
-0.00021107165709796655
-0.00021107165709796655
-0.00021107165709796655
-0.00021107165709796655
-0.00021107165709796655
-0.00021107165709796655
-0.00021107165709796655
-0.00021107165709796655
-0.00021107165709796655
-0.00021107165709796655
-0.00021107165709796655
-0.00021107165709796655
-0.00021107165709796655
-0.00021107165709796655
-0.00021107165709796655
-0.00021107165709796655
-0.00021107165709796655
-0.00021107165709796655
-0.00021107165709796655
-0.00021107165709796655
-0.00021107165709796655
-0.00021107165709796655
-0.00021107165709796655
-0.00021107165709796655
-0.00021107165709796655
-0.00021107165709796655
-0.00021107165709796655
-0.00021107165709796655
-0.00021107165709796655
-0.00021107165709796655
-0.00021107165709796655
-0.00021107165709796655
-0.00021107165709796655
-0.00021107165709796655
-0.00021107165709796655
-0.00021107165709796655
-0.00021107165709796655
-0.00021107165709796655
-0.00021107165709796655
-0.00021107165709796655
-0.00021107165709796655
-0.0002112965751722814
-0.0002162728211722302
-0.00023066740658833594
-0.00025233068210837097
-0.0002693910787159405
-0.000292769793611486
-0.00032724601461161693
-0.0003611045890251019
-0.0003848436148968618
-0.0004097227716820868
-0.0004245042771830693
-0.00043079279943758486
-0.0004357913710451236
-0.000434714019123377
-0.00043682088482689246
-0.0004364275223564027
-0.0004377170617872766
-0.0004377229216167438
-0.0004381013432354927
-0.00043837802313676763
-0.00043858154083972425
-0.0004387381456389348
-0.0004387508933381266
-0.00043861406117986666
-0.0004386037122412755
-0.0004386040549213613
-0.0004386040549213613
-0.0004386040549213613
-0.0004386040549213613
-0.0004386040549213613
-0.0004386040549213613
-0.0004386040549213613
-0.0004386040549213613
-0.0004386040549213613
-0.0004386040549213613
-0.0004386040549213613
-0.0004386040549213613
-0.0004386040549213613
-0.0004386040549213613
-0.0004386040549213613
-0.0004386040549213613
-0.0004386040549213613
-0.0004386040549213613
-0.0004386040549213613
-0.0004386040549213613
-0.0004386040549213613
-0.0004386040549213613
-0.0004386040549213613
-0.0004386040549213613
-0.0004386040549213613
-0.0004386040549213613
-0.0004386040549213613
-0.0004386040549213613
-0.0004386040549213613
-0.0004386040549213613
-0.0004386040549213613
-0.0004386040549213613
-0.0004386040549213613
-0.0004386040549213613
-0.0004386040549213613
-0.0004386040549213613
-0.0004386040549213613
-0.0004386040549213613
-0.0004386040549213613
-0.0004386040549213613
-0.0004386040549213613
-0.0004386040549213613
-0.0004386040549213613
-0.0004386040549213613
-0.0004386040549213613
-0.0004386040549213613
-0.0004386040549213613
-0.0004386040549213613
-0.0004386040549213613
-0.0004386040549213613
-0.0004386040549213613
-0.0004386040549213613
-0.0004386040549213613
-0.0004386040549213613
-0.0004386040549213613
-0.0004386040549213613
-0.0004386040549213613
-0.0004386040549213613
-0.0004386040549213613
-0.0004386040549213613
-0.0004386040549213613
-0.0004386040549213613
-0.0004386040549213613
-0.0004386040549213613
-0.0004386040549213613
-0.0004386040549213613
-0.0004386040549213613
-0.0004386040549213613
-0.0004386040549213613
-0.0004386040549213613
-0.0004386040549213613
-0.0004386040549213613
-0.0004386040549213613
-0.0004386040549213613
-0.0004386040549213613
-0.0004386040549213613
-0.0004386040549213613
-0.0004386040549213613
-0.0004386040549213613
-0.0004386040549213613
-0.0004386040549213613
-0.0004386040549213613
-0.0004386040549213613
-0.0004386040549213613
-0.0004386040549213613
-0.0004386040549213613
-0.0004386040549213613
-0.0004386040549213613
-0.0004386040549213613
-0.0004386040549213613
-0.0004386040549213613
-0.0004386040549213613
-0.0004386040549213613
-0.0004386040549213613
-0.0004386040549213613
-0.0004386040549213613
-0.0004385943228069246
-0.0004385738648058023
-0.0004385481980673759
-0.000438509269609629
-0.00043850772754924295
-0.0004384905935449529
-0.0004384445373414214
-0.000438385253686578
-0.0004382881381502623
-0.00043719509148058605
-0.0004334256105367862
-0.0004245604767171405
-0.0004104991134164667
-0.00038561659836640084
-0.00036548801561062105
-0.00033967837958842335
-0.0002999414367151167
-0.0002627801801707086
-0.00023562348586523543
-0.00019981173776671622
-0.00015933378347587573
-0.00013070636621116403
-9.990296466963095e-05
-5.5606903130815585e-05
-2.5577701573126145e-05
-1.8517101274110725e-06
3.547035092129042e-05
7.72067999689819e-05
0.00010773499513360899
0.00013190257672067034
0.00016808158363414353
0.00020579263610820915
0.00023341155444741365
0.000263879617823985
0.0003050998685826811
0.0003406906908298851
0.000365724464869823
0.0003917174690059323
0.00042875039185820836
0.0004643806565832879
0.0004914951841042034
0.0005268801584238673
0.0005653897925698813
0.0005883732088524522
0.0006097362280813092
0.0006425752607035221
0.0006687403245107115
0.0006746536806072933
0.0006921783401951047
0.0007148928211463398
0.0007270071790035238
0.0007337378271047385
0.0007504536931540448
0.0007738441448425289
0.0007999762428254645
0.0008390730935665052
0.0008720884008248536
0.0008972337172327195
0.0009271812152909521
0.00095078152426398
0.0009639502402091536
0.0009782031959457982
0.0009851224551662371
0.000985685204403138
0.000986119996896001
0.0009874287606796883
0.0009871075323672593
0.0009876052409238752
0.0009874992157053288
0.0009878715033505418
0.0009870805977125155
0.0009837725012362367
0.000978658138027706
0.0009710781916018447
0.0009579749960890762
0.0009459923644568737
0.0009297699577311194
0.0009089480988937578
0.000889297383517626
0.0008680079034351817
0.0008395564780955347
0.0008155636633522314
0.0007877015792241432
0.0007528196250024251
0.0007265651216928418
0.0006923736678440107
0.0006550258562608931
0.0006268327431699221
0.0005930187857036082
0.0005558408063710131
0.0005256086096974979
0.0004939783810779444
0.00045589134001373905
0.0004240321325608541
0.0003950996186487525
0.00035393195214922235
0.000322500717855493
0.0002964419191429101
0.00025809889605461214
0.00022079191480371755
0.0001930056829126212
0.00016055209685091615
0.0001185023032745197
9.06717200133187e-05
5.966262903378526e-05
2.0408882215460948e-05
-1.3655712536482281e-05
-3.940686484766189e-05
-7.875709324414319e-05
-0.00010849467404881684
-0.0001246741258258161
-0.00014911302437080958
-0.00018415300551409433
-0.00020612010119819963
-0.00020611264790633348
-0.00020604724741195854
-0.00020604025673820822
-0.0002060392629659594
-0.0002060391258939251
-0.00020603907449191222
-0.0002060390916259165
-0.0002060390916259165
-0.0002060390916259165
-0.0002060390916259165
-0.0002060390916259165
-0.0002060390916259165
-0.0002060390916259165
-0.0002060390916259165
-0.0002060390916259165
-0.0002060390916259165
-0.0002060390916259165
-0.0002060390916259165
-0.0002060390916259165
-0.0002060390916259165
-0.0002060390916259165
-0.0002060390916259165
-0.0002060390916259165
-0.0002060390916259165
-0.0002060390916259165
-0.0002060390916259165
-0.0002060390916259165
-0.0002060390916259165
-0.0002060390916259165
-0.0002060390916259165
-0.0002060390916259165
-0.0002060390916259165
-0.0002060390916259165
-0.0002060390916259165
-0.0002060390916259165
-0.0002060390916259165
-0.00020604981751260205
-0.00020851862192273948
-0.00021761328286385402
-0.00023868658321417148
-0.0002549488607679086
-0.0002560512626039272
-0.0002644488094464988
-0.0002814954645826278
-0.0003088472466609469
-0.00034832155951649635
-0.000386110777318133
-0.0004144308876489014
-0.0004497708338052912
-0.0004903063583505461
-0.0005203045045254599
-0.0005562195706698478
-0.0005953923935859104
-0.0006274657418244118
-0.0006591389767947332
-0.0006990176864195352
-0.0007304731824633392
-0.0007612730629669907
-0.0007990512807378731
-0.0008268088474397922
-0.0008531944601502026
-0.0008826007978169399
-0.0009066550893676357
-0.0009261833308811025
-0.0009474864496309617
-0.0009657842640283551
-0.000976751054814212
-0.0009897770787716583
-0.0010023572074014618
-0.0010095668537266078
-0.001013807656860417
-0.0010169477030226193
-0.0010182540680457061
-0.0010191897902879915
-0.0010197646018639125
-0.0010201013193162196
-0.0010205553704299044
-0.0010204123357620916
-0.001021173222624602
-0.0010214777281488438
-0.00102102292313897
-0.0010215143949180243
-0.0010220809136358689
-0.0010224089270139966
-0.0010229297322083954
-0.0010232468483597947
-0.0010235568367654095
-0.0010240286387075389
-0.0010244075058103994
-0.0010247193446884773
-0.0010250294016301092
-0.0010254619324344058
-0.0010258529304123037
-0.0010261296788495957
-0.0010265586457810002
-0.0010269231888562743
-0.0010213312666801728
-0.0010161862678719719
-0.0010096050282881659
-0.0010036821456851988
-0.0010002900925878992
-0.0010002881050434015
-0.0009974712062021083
-0.0009958490272119484
-0.0009923630797711394
-0.0009862901718266093
-0.000980013780447131
-0.0009728484769250875
-0.0009611811795078381
-0.0009485547890664517
-0.0009363699076476101
-0.000917807475687962
-0.0009015349691336638
-0.0008872898265029754
-0.0008638869012593681
-0.0008416170819874672
-0.0008219392263485401
-0.0007970128825155005
-0.0007624383808667621
-0.0007351668030625245
-0.0007075630311831123
-0.0006701326336993169
-0.0006502442354156743
-0.000644658755625186
-0.0006269132729900851
-0.0006017299190926955
-0.0005670504545336766
-0.0005425908067094879
-0.0005387909300420776
-0.0005252741196657485
-0.0005039033558669523
-0.00047817407832487474
-0.0004430231545038122
-0.00040150907270554686
-0.0003710679439837194
-0.00034788868603211385
-0.00031834534486707374
-0.000279536054120032
-0.00024108633758702022
-0.00021633234470313367
-0.00018746679047979738
-0.00014934796583763405
-0.00011403036242283844
-9.006238341875345e-05
-5.279345679138696e-05
-1.3053591499473657e-05
1.73569348198166e-05
4.236962118397465e-05
7.364594266141705e-05
0.00011704308579916191
0.00015028082670120308
0.00017705445607276473
0.0002189563660581342
0.00025634651576585246
0.00028341789986396573
0.0003067711536291363
0.00034134921915076694
0.0003853325508432812
0.00041202023604932427
0.0004349496116823645
0.00047314120444074743
0.0005099778401398773
0.0005372692933890913
0.0005680037905323721
0.0006127891649657012
0.0006411349077668876
0.000672621861842568
0.0007077213493827519
0.0007408992240738038
0.0007643780186884072
0.0007923029503442311
0.0008220593699866216
0.0008418261168398051
0.0008579102178829306
0.0008769918787085828
0.0008980800685086282
0.000912553230468408
0.0009206629603069162
0.0009295054772408991
0.000940557047079983
0.0009450151779242065
0.0009467067153637324
0.000947603920364374
0.0009501143946729447
0.0009499678646682566
0.0009501047310945251
0.0009508796678405532
0.000950435828593425
0.0009516640625569494
0.000951486554272505
0.0009515195886327762
0.000952309877446648
0.0009519896771744765
0.0009521379205795936
0.0009523415410865759
0.0009525426942969406
0.0009527422026428933
0.0009527754426112159
0.0009527747572510443
0.0009527747572510443
0.0009527747572510443
0.0009527747572510443
0.0009527747572510443
0.0009527747572510443
0.0009527747572510443
0.0009527747572510443
0.0009527747572510443
0.0009527747572510443
0.0009527747572510443
0.0009527747572510443
0.0009527747572510443
0.0009527747572510443
0.0009527747572510443
0.0009527747572510443
0.0009527747572510443
0.0009527747572510443
0.0009527747572510443
0.0009527747572510443
0.0009527747572510443
0.0009527747572510443
0.0009527747572510443
0.0009527747572510443
0.0009527747572510443
0.0009527747572510443
0.0009527747572510443
0.0009527747572510443
0.0009527747572510443
0.0009527747572510443
0.0009527747572510443
0.0009527747572510443
0.0009527747572510443
0.0009527747572510443
0.0009527747572510443
0.0009527747572510443
0.0009527747572510443
0.0009527747572510443
0.0009527747572510443
0.0009527747572510443
0.0009527747572510443
0.0009527747572510443
0.0009527747572510443
0.0009527747572510443
0.0009527747572510443
0.0009527747572510443
0.0009527747572510443
0.0009527747572510443
0.0009527747572510443
0.0009527747572510443
0.0009527689316895857
0.0009528378103868315
0.0009529656300588349
0.0009530955743473703
0.000953172129078538
0.0009533266092612166
0.000953548665956815
0.0009538509783285077
0.0009540787920495476
0.000954246431147521
0.0009545314724428894
0.0009547968439013329
0.000954956258677247
0.0009551252684955636
0.0009553827583120337
0.0009556353135352683
0.0009558364667456329
0.0009559906727842429
0.0009560862119921639
0.0009562180752891797
0.0009562598137236301
0.0009566163380848965
0.0009532632134453436
0.0009476286618665688
0.0009416423834477287
0.0009285674247740301
0.0009163458080499908
0.0009003135202358383
0.0008800614013091277
0.0008560487111208478
0.0008363364504013066
0.0008058495738880248
0.0007741093792289381
0.0007482706153994474
0.000714769113635366
0.0006768975498091116
0.0006460469526527617
0.0006159705383462512
0.0005741658638352275
0.0005400206717979793
0.000510237968593008
0.00047501025016471777
0.00043586408775933035
0.0004025349540784063
0.000380523070107087
0.00034792326245277103
0.00030597044734065597
0.00027141510150871387
0.00024610714913212735
0.00021934535935753006
0.0001784195050605447
0.00013890375361561987
0.0001112535999865947
8.050876247172485e-05
3.879851345834332e-05
5.203591748496482e-06
-1.912756282314514e-05
-4.967882464104765e-05
-9.041565231920466e-05
-0.000119618455148981
-0.00012559260269278367
-0.000137591117546963
-0.00016138892162043973
-0.00019350560175579053
-0.00020659532994118704
-0.0002108569337562043
-0.00022506631771993942
-0.0002472001272657864
-0.0002648096173088376
-0.0002794572548343023
-0.00030472754666945945
-0.0003422840504248293
-0.0003779775053577303
-0.00039642486534456677
-0.0004125829167502078
-0.00043042112861652623
-0.0004342924540818258
-0.0004344801056968099
-0.0004366850464408814
-0.0004367270247513919
-0.0004373196899597829
-0.0004378077006699707
-0.00043787873825175703
-0.0004384925125534334
-0.00043859024491390354
-0.0004386501453929014
-0.0004388649030026723
-0.0004385951452391305
-0.00043859024491390354
-0.00043860107360461486
-0.0004385750984541112
-0.0004385694442326955
-0.00043856954703672124
-0.0004385695813047298
-0.0004385695813047298
-0.0004385695813047298
-0.0004385695813047298
-0.0004385695813047298
-0.0004385695813047298
-0.0004385695813047298
-0.0004385695813047298
-0.0004385695813047298
-0.0004385695813047298
-0.0004385695813047298
-0.0004385695813047298
-0.0004385695813047298
-0.0004385695813047298
-0.0004385695813047298
-0.0004385695813047298
-0.0004385695813047298
-0.0004385695813047298
-0.0004385695813047298
-0.0004385695813047298
-0.0004385695813047298
-0.0004385695813047298
-0.0004385695813047298
-0.0004385695813047298
-0.0004385695813047298
-0.0004385695813047298
-0.0004385695813047298
-0.0004385687931405325
-0.0004385622479508937
-0.00043851913879610005
-0.0004384701012758221
-0.00043846554363068097
-0.0004384641386423292
-0.0004384069796040177
-0.00043834406354026486
-0.00043819376405463295
-0.00043811337130650427
-0.00043806234624172867
-0.0004379155763609805
-0.00043787548279094194
-0.0004377130181622642
-0.00043762957556137187
-0.0004376247095041535
-0.00043742335068573744
-0.0004373845250320163
-0.00043729333786118494
-0.00043721270523699616
-0.000437126315587366
-0.00043697803791424035
-0.0004369214271640662
-0.00043685628367975564
-0.000436754918910376
-0.00043664406190261967
-0.0004365596255294786
-0.00043647926704935846
-0.0004363632698403152
-0.00043626755929235126
-0.00043618343133128735
-0.00043607788586486095
-0.0004359778232798073
-0.0004359141190518571
-0.0004359042841333947
-0.0004358739226777928
-0.00043581642095939555
-0.0004358026109519378
-0.00043576477907046547
-0.00043570453591138187
-0.0004356300029927204
-0.00043561663846937416
-0.0004357572058405693
-0.0004359147358760116
-0.0004359287514915208
-0.0004359783715679446
-0.0004378726385462298
-0.0004443960679995613
-0.00046071545318959696
-0.00048449817077229635
-0.0005068497535126692
-0.0005393482992016312
-0.0005764449948178746
-0.0006052548635272684
-0.0006425376344301012
-0.0006799635770727813
-0.0007076800907004216
-0.0007336773783376034
-0.0007674521332021018
-0.0007977166103396993
-0.0008166393361415575
-0.0008350410511409654
-0.000859322265444478
-0.0008805219633444428
-0.0008914824488167211
-0.0008913889656893149
-0.000893576635357062
-0.000899410421137721
-0.0009120655281702974
-0.0009226415265863082
-0.0009380552768455916
-0.0009455047306947804
-0.0009500135096556852
-0.0009559766914367423
-0.0009616786824564026
-0.0009638825266241994
-0.0009646212078171499
-0.0009645090828930762
-0.0009651150783568049
-0.0009651840255900678
-0.0009647951522287019
-0.0009651247419352245
-0.0009650983555686178
-0.0009650394145938602
-0.0009650396202019116
-0.000965039757273946
-0.000965039757273946
-0.000965039757273946
-0.000965039757273946
-0.000965039757273946
-0.000965039757273946
-0.000965039757273946
-0.000965039757273946
-0.000965039757273946
-0.000965039757273946
-0.000965039757273946
-0.0009650392089858087
-0.000964988355261076
-0.0009648098189363742
-0.000964652528776992
-0.0009646119554548333
-0.0009644635749776819
-0.0009642732504580286
-0.0009641121908177026
-0.0009640357731585692
-0.000964030975637368
-0.0009639686763977696
-0.0009638016541239507
-0.0009636492985578039
-0.0009635498527969048
-0.0009633582946289427
-0.000963095047787031
-0.000963078324998844
-0.0009630095148376154
-0.000962847838373135
-0.0009625351770628511
-0.0009621135434852827
-0.0009616679908377256
-0.0009613691052668908
-0.0009611695283849209
-0.0009608590602271862
-0.0009604211150775338
-0.0009599966029872447
-0.0009597025834736283
-0.0009594291933011771
-0.0009589748680434235
-0.0009585522064255977
-0.0009582831340222277
-0.0009497094838835634
-0.0009390413730604897
-0.0009347438906404891
-0.0009278146251615447
-0.0009251940134733979
-0.0009197545839354775
-0.0009117878202287651
-0.000902897670762856
-0.000884109960914803
-0.0008699969557251991
-0.0008531244848766822
-0.0008275132606241628
-0.0008020374635415514
-0.0007813936612767713
-0.0007579942999060564
-0.0007230159840442114
-0.0007085457005971524
-0.0007040415820854145
-0.0006903539799543228
-0.0006663427290224033
-0.0006379847182741454
-0.0006238242861606668
-0.0006240514145215351
-0.0006235567900856914
-0.0006169155129508532
-0.0006020837020132753
-0.0005767641670497887
-0.0005497221506350285
-0.0005139857578873768
-0.00048349213057640475
-0.0004753096497556812
-0.0004698751205429878
-0.0004681660036150603
-0.0004754343510389038
-0.00047307859678907176
-0.00046624552161021146
-0.0004706952567923329
-0.0004761894123399555
-0.0004714938727322897
-0.00047040356750329993
-0.00047211110810283267
-0.0004697566903053353
-0.00046984534164353175
-0.0004700835385711713
-0.0004703971251176869
-0.0004701505667959538
-0.0004699992392700645
-0.0004700009869385021
-0.00047000122681456214
-0.0004700012610825707
-0.0004700012610825707
-0.0004700012610825707
-0.0004700012610825707
-0.0004700012610825707
-0.0004700012610825707
-0.0004700012610825707
-0.0004700012610825707
-0.0004700012610825707
-0.0004700012610825707
-0.0004700012610825707
-0.0004700012610825707
-0.0004700012610825707
-0.0004700012610825707
-0.0004700012610825707
-0.0004700012610825707
-0.0004700012610825707
-0.0004700012610825707
-0.0004700012610825707
-0.0004700012610825707
-0.0004700012610825707
-0.0004700012610825707
-0.0004700012610825707
-0.0004700012610825707
-0.0004700012610825707
-0.0004700012610825707
-0.0004700012610825707
-0.0004700012610825707
-0.0004700012610825707
-0.0004700012610825707
-0.0004700012610825707
-0.0004700012610825707
-0.0004700012610825707
-0.0004700012610825707
-0.0004700012610825707
-0.0004700012610825707
-0.0004700012610825707
-0.0004700012610825707
-0.0004700012610825707
-0.0004700012610825707
-0.0004700012610825707
-0.0004700012610825707
-0.0004700012610825707
-0.0004700012610825707
-0.0004700012610825707
-0.0004700012610825707
-0.0004700012610825707
-0.0004700012610825707
-0.0004700012610825707
-0.0004700012610825707
-0.0004700012610825707
-0.0004700012610825707
-0.0004700012610825707
-0.0004700012610825707
-0.0004700012610825707
-0.0004700012610825707
-0.0004700012610825707
-0.0004700012610825707
-0.0004700012610825707
-0.0004700012610825707
-0.0004700012610825707
-0.0004700012610825707
-0.0004700012610825707
-0.0004700012610825707
-0.0004700012610825707
-0.00047000122681456214
-0.00046997806164076207
-0.00046994091511946135
-0.0004698856750896304
-0.0004698170020004361
-0.00046974545039852103
-0.00046962743137697155
-0.0004694919699390548
-0.0004694382377016013
-0.00046937621260607156
-0.00046926898800722476
-0.0004691460686604483
-0.00046907054196953797
-0.0004689853174321995
-0.0004689144169224475
-0.00046880160663820216
-0.00046871141323961957
-0.00046862447530185213
-0.0004685187927633914
-0.00046840851831178094
-0.0004683380290181319
-0.0004682557515295313
-0.0004681651126468372
-0.0004680805392016618
-0.0004679998037734473
-0.0004678963486555443
-0.000467785491647788
-0.0004677149338181218
-0.0004676321423093925
-0.0004675286186554723
-0.0004674493567516268
-0.00046738877091245736
-0.0004673075557321228
-0.0004672062594987603
-0.00046709098191789717
-0.0004671137016075857
-0.00046707134634898085
-0.00046708690402487614
-0.0004671709977179315
-0.0004674878739932707
-0.0004681458197580067
-0.00047002987486973504
-0.00047727639357211305
-0.00049714248338217
-0.0005303955420840465
-0.0005561875986178427
-0.0005894118721925119
-0.0006293556224975988
-0.000654917021065643
-0.0006825941264834163
-0.0007170029765786789
-0.000747009826827772
-0.0007703319481071477
-0.0007924444086836493
-0.0008284001852222302
-0.00086119247628074
-0.0008742301513611035
-0.0008814328070124992
-0.0009056835227883755
-0.0009282581217285871
-0.000945637347887985
-0.0009478442076405369
-0.0009269279061715287
-0.0009094452591622364
-0.0009020489892623638
-0.0009208597272121825
-0.0009557632017432888
-0.0009805814642772671
-0.0010135794319232742
-0.0010532334804838257
-0.001053412290952596
-0.0010547675906919351
-0.0010548331796603572
-0.00105486737913292
-0.0010549008932453112
-0.0010549415351034871
-0.0010549469494488429
-0.0010549422889996759
-0.0010549368746543203
-0.001054931117628879
-0.0010549239898830943
-0.0010549177531055326
-0.0010549146689847605
-0.0010549104197516966
-0.0010549078153830444
-0.0010548991798448822
