0.00046899960717894373
0.0004943164006903089
0.000514563790630973
0.0005311629398505602
0.0005480300306288655
0.0005603066475146079
0.0005674600600116264
0.0005735861519298169
0.0005761488506976775
0.0005769502423191852
0.0005783867572404233
0.000578311641774576
0.0005784516608571266
0.0005786325959462602
0.0005785736549768217
0.0005785925023644722
0.000578610595880491
0.0005786164214356404
0.0005785788637098221
0.000578574340323712
0.0005785683091517058
0.0005785695428102144
0.0005785339040613735
0.0005785370567252812
0.0005787584966157056
0.0005790830146281678
0.0005794492025756881
0.0005798232036227091
0.0005802138589245942
0.000580464974888173
0.0005807770193797523
0.000581082964174584
0.0005812739740491679
0.0005815074077162308
0.0005815596321667726
0.0005815586726498623
0.0005815585355861685
0.0005815584670472163
0.0005815584670472163
0.0005815584670472163
0.0005815584670472163
0.0005815584670472163
0.0005815584670472163
0.0005815584670472163
0.0005815584670472163
0.0005815584670472163
0.0005815584670472163
0.0005815584670472163
0.0005815584670472163
0.0005815584670472163
0.0005815584670472163
0.0005815584670472163
0.0005815584670472163
0.0005815584670472163
0.0005815584670472163
0.0005815584670472163
0.0005815584670472163
0.0005815584670472163
0.0005815584670472163
0.0005815584670472163
0.0005815584670472163
0.0005815584670472163
0.0005815584670472163
0.0005815584670472163
0.0005815584670472163
0.0005815584670472163
0.0005815584670472163
0.0005815584670472163
0.0005815584670472163
0.0005815584670472163
0.0005815584670472163
0.0005815584670472163
0.0005815584670472163
0.0005815584670472163
0.0005815584670472163
0.0005815584670472163
0.0005815584670472163
0.0005815584670472163
0.0005815584670472163
0.0005815584670472163
0.0005815601118968061
0.0005816255638109169
0.0005817764801321346
0.0005820032657908314
0.0005821715217138035
0.0005816553769761867
0.0005795841500031429
0.0005692396662624333
0.0005515856106654837
0.000521933742732017
0.0004894896488991662
0.0004647013365968178
0.0004257463896948366
0.0003906379581906094
0.00036423641086003045
0.0003302106770917135
0.00029081288472809774
0.0002622190072685271
0.0002329809597796384
0.00019485853700018652
0.00016877619616195716
0.00014688425021347484
0.00011550439225516129
8.351625996283474e-05
7.712865178177708e-05
7.728822075137032e-05
7.73069996284903e-05
7.730938982319913e-05
7.730972393460434e-05
7.73097753494767e-05
7.730976676612045e-05
7.730976676612045e-05
7.730976676612045e-05
7.730976676612045e-05
7.730976676612045e-05
7.730976676612045e-05
7.730976676612045e-05
7.730976676612045e-05
7.730976676612045e-05
7.730976676612045e-05
7.730976676612045e-05
7.730976676612045e-05
7.730976676612045e-05
7.730976676612045e-05
7.730976676612045e-05
7.730976676612045e-05
7.730976676612045e-05
7.730976676612045e-05
7.730976676612045e-05
7.730976676612045e-05
7.730976676612045e-05
7.730976676612045e-05
7.730976676612045e-05
7.730976676612045e-05
7.730976676612045e-05
7.730976676612045e-05
7.730976676612045e-05
7.730976676612045e-05
7.730976676612045e-05
7.730976676612045e-05
7.730976676612045e-05
7.730976676612045e-05
7.730976676612045e-05
7.730976676612045e-05
7.730976676612045e-05
7.730976676612045e-05
7.730976676612045e-05
7.730976676612045e-05
7.730976676612045e-05
7.730976676612045e-05
7.730976676612045e-05
7.730976676612045e-05
7.730976676612045e-05
7.730976676612045e-05
7.730976676612045e-05
7.730976676612045e-05
7.730976676612045e-05
7.730976676612045e-05
7.730976676612045e-05
7.730976676612045e-05
7.730976676612045e-05
7.730976676612045e-05
7.730976676612045e-05
7.730976676612045e-05
7.730976676612045e-05
7.730976676612045e-05
7.730976676612045e-05
7.730976676612045e-05
7.730976676612045e-05
7.730976676612045e-05
7.730976676612045e-05
7.730976676612045e-05
7.730976676612045e-05
7.730976676612045e-05
7.730976676612045e-05
7.730976676612045e-05
7.730976676612045e-05
7.730976676612045e-05
7.730976676612045e-05
7.730976676612045e-05
7.730976676612045e-05
7.730976676612045e-05
7.730976676612045e-05
7.730976676612045e-05
7.730976676612045e-05
7.730976676612045e-05
7.730976676612045e-05
7.730976676612045e-05
7.730976676612045e-05
7.730976676612045e-05
7.730976676612045e-05
7.730976676612045e-05
7.730976676612045e-05
7.730976676612045e-05
7.730976676612045e-05
7.730976676612045e-05
7.730976676612045e-05
7.730976676612045e-05
7.730976676612045e-05
7.730976676612045e-05
7.730976676612045e-05
7.561786095777734e-05
6.64923245352611e-05
4.8332451711985414e-05
2.572827733615668e-05
2.422706015181575e-05
1.8289001104676572e-05
1.7558159299824183e-06
-2.0308558347892358e-05
-4.817011560476203e-05
-8.544024589696164e-05
-0.0001252810979366359
-0.00015201639853046345
-0.00018314432668375957
-0.00021362119693435488
-0.000231570934033698
-0.0002442323292513038
-0.00025338517727391263
-0.00024950744368368305
-0.000250262008108848
-0.00025341199199147013
-0.0002511056350869012
-0.000253337973092016
-0.0002523478503917431
-0.000253148505265699
-0.0002536508228558887
-0.00025295370878097856
-0.0002536369614603018
-0.00025311893197965674
-0.0002535786373272231
-0.00025355663726145394
-0.0002536143959872561
-0.00025383528755185125
-0.0002537914759130899
-0.0002539646664274642
-0.0002540180217351917
-0.0002540901216008251
-0.0002542323167062932
-0.00025416674488099034
-0.0002543756426547361
-0.0002544731008811141
-0.00025452595926367394
-0.0002546895547368422
-0.0002492257263781994
-0.0002429881606786921
-0.00023983474996214227
-0.00023344171029293648
-0.00022856953623318077
-0.00022818905854649074
-0.00022759072197686692
-0.0002260004979035557
-0.00022517268561728088
-0.00022520649100954415
-0.00022502387679423919
-0.0002244653253882234
-0.00022380832200497025
-0.00022222839545804618
-0.00021290828529174632
-0.00020059669790839507
-0.00017970633732034003
-0.00014994073384855255
-0.00012789238014931925
-9.314029311724425e-05
-5.449804177715123e-05
-2.377818135812504e-05
1.277939708188569e-05
5.153266820911995e-05
8.030742077380637e-05
0.00010995704417382512
0.0001506439990492936
0.00018527310677995956
0.00021776207455559415
0.0002549934948490318
0.00028592366230384414
0.00031735736391169667
0.0003541894419640812
0.0003816292071405769
0.0004113129443510388
0.00044461466362122337
0.0004689943299212018
0.0004919743879412408
0.0005183536267736599
0.0005353492568502816
0.0005540027389088209
0.0005711513756523345
0.0005822817961558258
0.000593600519422921
0.000601825184148197
0.0006049524140649964
0.0006069637405659023
0.0006090714972373235
0.0006092467438350013
0.0006097238230466928
0.00060975905056182
0.0006100525903320886
0.0006099694561214619
0.0006100608146368813
0.0006100184593975655
0.0006100294251467631
0.0006100375124020729
0.0006100041353676033
0.0006099950885953831
0.0006099800106653674
0.0006099885091401802
0.0006100015309868922
0.0006102009707973366
0.0006103405786603844
0.0006110006490587239
0.0006111752102668788
0.0006116243268081689
0.0006119271874638343
0.0006120412999308655
0.0006123681481966514
0.0006127158999618132
0.0006129313086518096
0.0006129315142402447
0.0006129308974465175
0.0006129307603686129
0.0006129307603686129
0.0006129307603686129
0.0006129307603686129
0.0006129307603686129
0.0006129307603686129
0.0006129307603686129
0.0006129307603686129
0.0006129307603686129
0.0006129307603686129
0.0006129307603686129
0.0006129307603686129
0.0006129307603686129
0.0006129307603686129
0.0006129307603686129
0.0006129307603686129
0.0006129307603686129
0.0006129307603686129
0.0006129307603686129
0.0006129307603686129
0.0006129307603686129
0.0006129307603686129
0.0006129307603686129
0.0006129307603686129
0.0006129307603686129
0.0006129307603686129
0.0006129307603686129
0.0006129307603686129
0.0006129307603686129
0.0006129307603686129
0.0006129307603686129
0.0006129307603686129
0.0006129307603686129
0.0006129307603686129
0.000612930965971259
0.0006129572152531182
0.000613059539531946
0.0006132765245752125
0.0006134556091836885
0.000613468973725162
0.0006135636219397611
0.0006137388000126975
0.000614033984632556
0.0006144354686199449
0.0006148164603416717
0.0006151121247199853
0.0006154782441285533
0.0006159057717951555
0.0006162128131421696
0.0006165861288423002
0.0006169687654278277
0.0006168590392690021
0.0006138690184229745
0.0006105696260192417
0.0006025605070760776
0.0005923772200162603
0.0005750972340337057
0.0005590282109011468
0.0005408148671648405
0.0005164287241967713
0.0004909281513505448
0.00046740700149427994
0.00043523629784658624
0.00040389930057926904
0.0003801836111989587
0.000349446509687823
0.00030841601802933383
0.0002787523790175328
0.00024757477940795525
0.0002054124668120494
0.0001683878196843125
0.00014971387963669258
0.000126630452172094
9.693720559766916e-05
6.978345405173059e-05
5.9726945806914955e-05
4.099002971713617e-05
1.8119177411790588e-05
7.191584415977559e-06
-4.486070253051366e-06
-2.9420779497968397e-05
-6.307856266118961e-05
-0.00010385635344789534
-0.0001339085831233433
-0.00016225381187950916
-0.00020363534504497238
-0.0002379083224752776
-0.00026418977756748063
-0.0002916050925421132
-0.0003310713181434721
-0.0003661839988637894
-0.0003908060770498878
-0.0004289118627127664
-0.0004655970680715882
-0.0004915009068611198
-0.0005203757819884913
-0.0005613103232064987
-0.0005958064196676105
-0.0006231856675498193
-0.0006606590370950016
-0.0007005668060031667
-0.0007288579256083949
-0.0007627655717925563
-0.0008027049357934857
-0.000834589330239055
-0.0008620142230881811
-0.000902228347982259
-0.0009342685933262374
-0.0009612904258631261
-0.0009978840671323042
-0.001027561259135723
-0.0010503435221806967
-0.001079965816842332
-0.0011083886626579442
-0.0011264922459730542
-0.0011475478126214966
-0.0011707789866051144
-0.0011860489483126457
-0.0011980860660543158
-0.0012116832006512368
-0.0012161000728099225
-0.0012176016969647208
-0.0012223512429443417
-0.0012271142219759668
-0.001225063487268585
-0.0012258598758023709
-0.0012261729483213912
-0.001227120253147973
-0.0012284509484601358
-0.0012288309121402108
-0.0012295076367792035
-0.0012302489223259272
-0.0012297606717623921
-0.001230594755071479
-0.0012303884616642335
-0.0012308656094148773
-0.0012312489998862475
-0.0012310568248921072
-0.0012315567266085736
-0.001231546583284171
-0.0012318744595916087
-0.0012320963792120665
-0.0012321336627962864
-0.0012325942248594401
-0.0012327581629847373
-0.0012331142761325964
-0.0012335993740748563
-0.0012342411453403201
-0.001234654965799109
-0.0012347320002845663
-0.0012351092225344473
-0.0012352272415512289
-0.001235437098841885
-0.0012355766381517697
-0.0012357663458573143
-0.0012360269197984053
-0.0012361553562811878
-0.0012362969517170086
-0.001236503656343757
-0.0012367148843424047
-0.001236884442434416
-0.0012370230222842338
-0.001234230864938013
-0.0012301665420437757
-0.001223383943639078
-0.0012115949262607728
-0.0011958575489359191
-0.0011824362777730357
-0.0011621413923705859
-0.0011369620821000126
-0.0011144737700163887
-0.0010951051488916619
-0.001066994279014466
-0.0010312698800731823
-0.001002397780695219
-0.0009800619612292394
-0.00095427322868602
-0.0009134634572660616
-0.000877002022022566
-0.0008534217940905364
-0.0008217107272514568
-0.0007812378788827345
-0.0007484751268407308
-0.000724730755180758
-0.0006954259878853009
-0.0006589322721595181
-0.000617552006943356
-0.0005889223879478322
-0.0005625958532817776
-0.0005253241166798261
-0.000496605332344302
-0.00048601716879659307
-0.00046563363204654706
-0.00043360353004118224
-0.00040409342884117905
-0.00039974670329456785
-0.00039988014292191565
-0.0003998939871934226
-0.0003998939871934226
-0.0003998939871934226
-0.0003998939871934226
-0.0003998939871934226
-0.0003998939871934226
-0.0003998939871934226
-0.0003998939871934226
-0.0003998939871934226
-0.0003998939871934226
-0.0003998939871934226
-0.0003998939871934226
-0.0003998939871934226
-0.0003998939871934226
-0.0003998939871934226
-0.0003998939871934226
-0.0003998939871934226
-0.0003998939871934226
-0.0003998939871934226
-0.0003998939871934226
-0.0003998939871934226
-0.0003998939871934226
-0.0003998939871934226
-0.0003998939871934226
-0.0003998939871934226
-0.0003998939871934226
-0.0003998939871934226
-0.0003998939871934226
-0.0003998939871934226
-0.0003998939871934226
-0.0003998939871934226
-0.0003998939871934226
-0.0003998939871934226
-0.0003998939871934226
-0.0003998939871934226
-0.0003998939871934226
-0.0003998939871934226
-0.0003998939871934226
-0.0003998939871934226
-0.0003998939871934226
-0.0003998939871934226
-0.0003998939871934226
-0.0003998939871934226
-0.0003998939871934226
-0.0003998939871934226
-0.0003998939871934226
-0.0003998939871934226
-0.0003998939871934226
-0.0003998942613208101
-0.0003987339123057154
-0.00038997189092526696
-0.0003706122480053864
-0.00035222290375713783
-0.000340935809902021
-0.00031924888945411567
-0.00028630090169201594
-0.00024402104985199458
-0.00020968241490493256
-0.00018227136629889173
-0.00014258865255101227
-0.00010471643763310112
-7.858583029474175e-05
-5.54357301609798e-05
-1.8263509971916392e-05
2.0998009247819027e-05
5.18724740743437e-05
7.629156142741067e-05
0.00011130154949512416
0.00015059818272789016
0.00017727795201949448
0.00020831786278563413
0.0002482079665355741
0.00027896384690961895
0.0003071697591110478
0.0003449303973752649
0.0003732119219392871
0.0004006866747516824
0.0004322983986497775
0.00045944476114812005
0.00047883370321244456
0.0005048344176401542
0.0005256919494769363
0.0005387118394679646
0.0005553770916719714
0.000564982140332404
0.0005719259697229973
0.0005748189092571465
0.0005751465114229859
0.0005783872369988785
0.000577223975170682
0.0005787386896969338
0.0005791464789979273
0.0005778536840921333
0.0005790722544816163
0.0005781100773560865
0.0005786176550941491
0.0005791330459317123
0.0005783197975546273
0.0005788210699932961
0.0005784128009338474
0.0005785587141247106
0.0005785943528451298
0.0005784311000383013
0.0005790292138669884
0.0005792416069851924
0.0005795234956309514
0.0005798680947179946
0.0005803560026151899
0.0005805717539999478
0.0005806370002829908
0.0005807789383851514
0.0005810428705927961
0.0005813813699830916
0.0005815193329823387
0.0005815660745440709
0.0005817167167094794
0.0005819518637935062
0.0005821386244377891
0.0005818737327274448
0.0005812823354318652
0.0005757627187534808
0.0005606056701452644
0.0005393343521120642
0.0005128670787399869
0.0004756523298254933
0.0004403176952081367
0.00041293536322939417
0.0003756844958218153
0.000335233167760407
0.00030534896272627066
0.0002760230520806317
0.00023326104934540126
0.00020021735103625815
0.00018076801163147138
0.0001577527089580144
0.00012406492629679633
9.046453563144041e-05
8.232892488990728e-05
7.556501111594116e-05
6.104830735864653e-05
5.7595985410330286e-05
5.7678511339531724e-05
5.768422552421271e-05
5.768422552421271e-05
5.768422552421271e-05
5.768422552421271e-05
5.768422552421271e-05
5.768422552421271e-05
5.768422552421271e-05
5.768422552421271e-05
5.768422552421271e-05
5.768422552421271e-05
5.768422552421271e-05
5.768422552421271e-05
5.768422552421271e-05
5.768422552421271e-05
5.768422552421271e-05
5.768422552421271e-05
5.768422552421271e-05
5.768422552421271e-05
5.768422552421271e-05
5.768422552421271e-05
5.768422552421271e-05
5.768422552421271e-05
5.768422552421271e-05
5.768422552421271e-05
5.768422552421271e-05
5.768422552421271e-05
5.768422552421271e-05
5.693755130664613e-05
5.048230663362574e-05
3.4239803866853435e-05
1.1258173785222425e-05
8.532117306003784e-06
3.451839788226607e-06
-1.0955384908584165e-05
-3.494061034814422e-05
-7.138386430938226e-05
-0.00011232318163933996
-0.0001425010892148748
-0.00017316947480594536
-0.00021025746634961706
-0.0002524686965159617
-0.00027814096922895715
-0.0003072162608077633
-0.00034420268195844983
-0.00038429553238472636
-0.00040944653727592595
-0.0004345832181371634
-0.0004744980119681941
-0.0005121339147109438
-0.0005414326850967655
-0.0005647009713243278
-0.0005998093342753918
-0.000638495311591214
-0.0006654500473786129
-0.0006948203351129223
-0.0007357011783710732
-0.0007693627802751735
-0.000798764388946438
-0.0008359658075960397
-0.0008733478871789657
-0.0008977174444027014
-0.0009008230854874455
-0.0009123391924532598
-0.0009338096076163538
-0.0009400927155240879
-0.0009519186052671103
-0.0009726588377247936
-0.0009991728869209737
-0.0010034407617780516
-0.0010151787198395823
-0.0010370526065344166
-0.001041947037663249
-0.0010498033898329595
-0.001069150010906128
-0.001099032742416739
-0.001134705807871228
-0.0011576219903304263
-0.001175276457132668
-0.001190673621678684
-0.0011982210820349337
-0.0011945402866757604
-0.001187499992866492
-0.001175006973511472
-0.0011641242764142135
-0.0011508768125878532
-0.0011303428050410957
-0.0011057287113089842
-0.001088031889239005
-0.0010676246047580662
-0.0010364664865107898
-0.0010011914097134422
-0.000981861922639382
-0.0009819624649765046
-0.0009776081661954095
-0.0009661207072895195
-0.0009412929867806952
-0.0009096408609252649
-0.0008719684627607194
-0.0008445123860099102
-0.0008200576385064551
-0.000792116943586052
-0.0007511296638540443
-0.0007150000114677368
-0.0007022798637450478
-0.0006854220596039795
-0.0006617305292166975
-0.0006227379902696839
-0.0005880148340082769
-0.000579043195202189
-0.0005761855174313268
-0.0005710275310661928
-0.0005711036060631614
-0.0005711118646445357
-0.0005711132696291088
-0.000571113475217544
-0.000571113475217544
-0.000571113475217544
-0.000571113475217544
-0.000571113475217544
-0.000571113475217544
-0.000571113475217544
-0.000571113475217544
-0.000571113475217544
-0.0005709394965549563
-0.0005666125436505354
-0.0005528849164591065
-0.0005341423375853083
-0.0005252069543644211
-0.0005122860303998777
-0.0004911380429035717
-0.0004718559827665558
-0.00046778312716355686
-0.00046729234072984127
-0.00046011572877091567
-0.0004435548226524588
-0.00042892834562735516
-0.00041970206126507037
-0.0004020650711424878
-0.00037874805580884185
-0.00037764349507085626
-0.000371669655947926
-0.0003560757587592889
-0.00032809767742492113
-0.00029026699533574174
-0.00025027724022663733
-0.00022334368206600175
-0.00020531069083062903
-0.00017806798383901423
-0.00013924677637078275
-0.00010095296215695271
-7.383284895468023e-05
-4.90134898427641e-05
-9.020606711374057e-06
2.73754933886039e-05
5.296236379592756e-05
8.718749454317276e-05
0.00012598307807820674
0.0001563894590503878
0.0001842795229975991
0.00022605746846693364
0.00025930867668932933
0.00028711651455637366
0.0003193132104968299
0.000358686398456598
0.0003857012745953625
0.00040918387297494974
0.0004419475159807007
0.000464976440170517
0.00047692497513196486
0.0004930550981185888
0.0005080096570679871
0.0005112892082763665
0.0005122793138667703
0.0005154829614326673
0.0005204696420406663
0.0005214450466581866
0.0005201899465703264
0.0005201739776623526
0.0005201813452941906
0.0005203492585224012
0.0005207487207030681
0.0005212028403747127
0.0005187813943337005
0.0005066855412110272
0.00048350559791288106
0.00045775579383189324
0.0004334564860073442
0.0003981577985143758
0.0003567154054024968
0.00032765185062544333
0.00029719680910034185
0.0002560607548360849
0.00022043282034189815
0.00019455134143697705
0.00016667567003025852
0.00012853448554039915
0.00011139725147302215
0.00010984985384254742
0.00010147662015924652
8.071509014939693e-05
5.390506386504512e-05
3.904001724208683e-05
3.928758219728934e-05
3.931989265026914e-05
3.932334942646776e-05
3.932393626371322e-05
3.9324017649278176e-05
3.9324013371810906e-05
3.9324013371810906e-05
3.9324013371810906e-05
3.9324013371810906e-05
3.9324013371810906e-05
3.9324013371810906e-05
3.9324013371810906e-05
3.9324013371810906e-05
3.9324013371810906e-05
3.9324013371810906e-05
3.9324013371810906e-05
3.9324013371810906e-05
3.9324013371810906e-05
3.9324013371810906e-05
3.9324013371810906e-05
3.9324013371810906e-05
3.9324013371810906e-05
3.9324013371810906e-05
3.9324013371810906e-05
3.9324013371810906e-05
3.9324013371810906e-05
3.9324013371810906e-05
3.9324013371810906e-05
3.9324013371810906e-05
3.9324013371810906e-05
3.9324013371810906e-05
3.9324013371810906e-05
3.9324013371810906e-05
3.9324013371810906e-05
3.9324013371810906e-05
3.9324013371810906e-05
3.9324013371810906e-05
3.9324013371810906e-05
3.9324013371810906e-05
3.9324013371810906e-05
3.9324013371810906e-05
3.9324013371810906e-05
3.9324013371810906e-05
3.9324013371810906e-05
3.9324013371810906e-05
3.9324013371810906e-05
3.9324013371810906e-05
3.9324013371810906e-05
3.9324013371810906e-05
3.9324013371810906e-05
3.9324013371810906e-05
3.9324013371810906e-05
3.9324013371810906e-05
3.9324013371810906e-05
3.9324013371810906e-05
3.9324013371810906e-05
3.9324013371810906e-05
3.9324013371810906e-05
3.9324013371810906e-05
3.9324013371810906e-05
3.9324013371810906e-05
3.9324013371810906e-05
3.9324013371810906e-05
3.9324013371810906e-05
3.9324013371810906e-05
3.9324013371810906e-05
3.9324013371810906e-05
3.8126333606669505e-05
2.9827198062548632e-05
1.228019789323298e-05
-9.725624920520204e-06
-2.6573272890573207e-05
-5.087666289682602e-05
-8.579064483171805e-05
-0.00012748059006639778
-0.00015764591272215966
-0.00018087367703856216
-0.00021362897577148487
-0.00025594893833158494
-0.00028910037526941323
-0.0003143112120795877
-0.0003416106155214038
-0.0003841035629932321
-0.00041433068798824024
-0.0004414671813037785
-0.000475915439622554
-0.0005156929215246464
-0.0005439747544926377
-0.0005679411828651837
-0.0006028842712311189
-0.0006436799242095503
-0.0006704745598824502
-0.0007038490643935802
-0.0007427543569633599
-0.0007713055022122717
-0.000798023034860762
-0.0008353145098141113
-0.0008706627831003289
-0.0008957217441292187
-0.0009197177115112254
-0.0009524700460872282
-0.0009656526748216265
-0.0009792213669754801
-0.0010025474633295062
-0.0010187178512239825
-0.0010210420446270518
-0.0010304617719185671
-0.001051732130434857
-0.001072046480075528
-0.0010940350275063793
-0.00112336549581471
-0.001147537669297094
-0.0011556169006183836
-0.0011614598702038847
-0.0011601177979372324
-0.0011515862974391666
-0.0011413436582188297
-0.0011255885300585078
-0.0011053726667000774
-0.0010942065046322114
-0.0010819158036099452
-0.0010621928512648537
-0.0010421052873255121
-0.0010168041885663115
-0.0009854806243509984
-0.0009440225707493255
-0.0009262822283204741
-0.000903485298536566
-0.0008693243432276176
-0.0008317781198741159
-0.0008087415881874449
-0.0007809709311032975
-0.000744634574047609
-0.0007391234558582482
-0.0007480349200221781
-0.0007546268512186316
-0.0007662481609855831
-0.0007682479734256731
-0.0007705424907271663
-0.0007707733885808921
-0.0007708145787148624
-0.0007708882549337659
-0.0007709656321139846
-0.0007710044920088421
-0.0007710300559580219
-0.0007710537008733809
-0.0007710771402003047
-0.0007711018131715264
-0.0007711262119869389
-0.0007711508164049974
-0.000771171445762775
-0.0007711920065673894
-0.0007712384740017342
