-1.5675366739742458e-05
17617.79296875
-0.001154707744717598
0.0011233590776100755
-0.0020754921715706587
-0.0043535176664590836
-0.003838491393253207
-0.011187526397407055
0.0010142799001187086
-1.570782478665933e-05
0.0010142064420506358
0.003292310517281294
-0.003323707729578018
0.0010143197141587734
-0.007661421317607164
-0.008909478783607483
-0.004353468306362629
0.00784826185554266
0.0010141406673938036
-0.004353365860879421
0.002262236550450325
-1.560907912789844e-05
0.004322114400565624
0.0043220557272434235
-0.0010454830480739474
-0.0010456214658915997
-0.002293688477948308
-0.0045716664753854275
-1.5649402484996244e-05
0.0022622360847890377
0.006600203458219767
-1.568947482155636e-05
0.004322160966694355
-1.5736412024125457e-05
-0.003323545679450035
-0.0043534887954592705
-1.5649027773179114e-05
-1.5705452824477106e-05
0.001014258712530136
-0.005601667333394289
-1.5624933439539745e-05
0.0066002230159938335
0.001014089211821556
-0.005601540207862854
0.003292197361588478
0.0022623755503445864
0.00432211859151721
0.006600130815058947
0.0055702761746943
0.002262208377942443
-0.003323468379676342
-0.0010456846794113517
-0.0010454774601384997
-0.003323581535369158
-0.0043535116128623486
0.006600153166800737
0.0010142491664737463
-0.0010456297313794494
-0.00435343012213707
-0.0012637684121727943
0.0032921426463872194
0.006600300781428814
0.0012322288239374757
0.009908096864819527
0.0010142156388610601
-1.557250288897194e-05
-0.0022937399335205555
-0.004353461787104607
-0.0033235689625144005
0.0022622121032327414
-0.0033234814181923866
-0.005601611919701099
-0.007879620417952538
56.474517822265625
355.04107666015625
724.7802124023438
-44.551719665527344
-680.4588012695312
782.2310791015625
725.8629150390625
914.349609375
-72.29597473144531
-684.0311889648438
812.5061645507812
240.14779663085938
-1124.5413818359375
707.343994140625
735.6737670898438
-1240.91796875
794.4747924804688
110.8764877319336
-1007.7763061523438
1237.3604736328125
-291.8562316894531
-942.8279418945312
1198.2725830078125
-894.196044921875
-606.26611328125
1404.6488037109375
-2278.38525390625
-282.77386474609375
1161.8218994140625
-208.78384399414062
-704.719970703125
1086.86474609375
17.024383544921875
1055.2962646484375
1258.12548828125
-565.0794067382812
341.9742126464844
339.0782470703125
-1195.1463623046875
235.162109375
324.5408020019531
-1114.1607666015625
978.61767578125
548.8739624023438
-910.8333740234375
129.0275421142578
407.0561218261719
-596.276123046875
195.3237762451172
495.27301025390625
-604.2655029296875
-126.5979995727539
573.8118896484375
72.11647033691406
-799.5723266601562
769.2715454101562
145.63433837890625
-708.6495361328125
144.3668975830078
788.119140625
-1156.5943603515625
820.497802734375
888.5973510742188
-951.2333984375
1.2985875606536865
807.8971557617188
-832.0626831054688
509.64892578125
60.585975646972656
-905.1032104492188
494.82080078125
141.08628845214844
-678.4113159179688
197.92996215820312
927.7515869140625
-1123.756103515625
122.13800811767578
191.87026977539062
-516.3717041015625
-405.413330078125
575.02783203125
339.96942138671875
-1165.9521484375
-643.10546875
-2.36788272857666
1.7875261306762695
0.17118358612060547
0.02809850499033928
0.004314333200454712
0.000639607198536396
-0.0006605382077395916
0.000589463859796524
-3.5550445318222046e-05
-0.0012102453038096428
-0.0005852589383721352
-0.0006103450432419777
-0.000348040834069252
0.0008768532425165176
-0.00032294989796355367
0.0009019505232572556
-0.0006103566847741604
1.4664605259895325e-05
1.4611519873142242e-05
0.0008517587557435036
0.0005894647911190987
-1.0474961527506821e-05
-0.0006354030920192599
-0.0006354580982588232
0.0012144329957664013
0.0003020467411261052
-0.0006103399209678173
-1.0464309525559656e-05
-0.0002978458069264889
0.00027695391327142715
-0.0012102443724870682
0.0002769520506262779
0.0011893277987837791
-3.551412373781204e-05
-1.0487778126844205e-05
-3.5511329770088196e-05
-1.0462394129717723e-05
-1.0447831300552934e-05
0.0005894424393773079
0.00030205881921574473
-1.0456902600708418e-05
0.0006145326187834144
1.4656689018011093e-05
-0.0006103562191128731
-0.0005852431058883667
-0.0006103655323386192
1.4662742614746094e-05
-0.0006354443030431867
0.00027694227173924446
0.001839429372921586
-1.0445000953041017e-05
-0.0012353321071714163
0.0006145329098217189
0.0012144423089921474
-0.00029784999787807465
-0.0008977577090263367
0.0005894452333450317
-0.0012353318743407726
0.0006145472871139646
0.0005894373171031475
0.0005894536152482033
0.0005894424393773079
3.974325954914093e-05
-0.0006354432553052902
0.0011893557384610176
-0.0006354457000270486
-3.557605668902397e-05
204.19918823242188
923.7455444335938
484.3116455078125
115.512939453125
-358.9286804199219
-359.6777648925781
438.4071960449219
537.3597412109375
395.6519775390625
-174.445556640625
-616.3002319335938
400.446533203125
301.0068664550781
184.60208129882812
-529.142333984375
841.6425170898438
-397.1654968261719
-916.5728149414062
932.1287841796875
155.31983947753906
-433.1678161621094
174.841552734375
747.6071166992188
-841.4223022460938
566.0638427734375
1024.3238525390625
-1398.3507080078125
1152.232421875
-1274.683837890625
740.758056640625
1183.9327392578125
-126.67799377441406
-143.7621612548828
197.37799072265625
-417.6271667480469
1149.99853515625
-1331.984375
220.448974609375
1268.30712890625
-1017.3248901367188
1336.749755859375
-812.780029296875
592.7342529296875
-701.9788818359375
-1194.412841796875
863.8682861328125
25.717437744140625
-879.5771484375
677.083251953125
204.53428649902344
-1352.4854736328125
1039.021484375
-110.76596069335938
-1030.8609619140625
1461.1795654296875
-749.0308227539062
-279.507568359375
787.8478393554688
-793.84521484375
-46.15253448486328
911.0511474609375
-1010.3690185546875
-92.08782196044922
701.2548217773438
-647.547119140625
-429.97906494140625
788.8849487304688
-646.87939453125
-667.8712158203125
598.8792114257812
492.577880859375
-1609.261474609375
-254.5237274169922
715.0718383789062
453.3341369628906
-946.6587524414062
608.1307983398438
95.40647888183594
499.7040710449219
852.8662719726562
252.59066772460938
-905.8396606445312
346.267822265625
364.0810546875
-671.7103271484375
187.00198364257812
445.1940002441406
-743.8554077148438
397.9647216796875
336.1021423339844
-149.52777099609375
-15.355865478515625
517.0477294921875
-1047.9669189453125
83.33226013183594
870.1090698242188
-910.1358642578125
46.3294677734375
834.6248779296875
-561.68310546875
-393.83001708984375
482.00830078125
648.7537841796875
-534.1231689453125
-295.5442199707031
914.1655883789062
-358.19134521484375
-640.614501953125
699.0958251953125
142.685546875
-952.8529663085938
44.36241149902344
411.95916748046875
-344.70025634765625
-557.9636840820312
-523.5656127929688
-656.4239501953125
8.46025276184082
1.5140812397003174
0.1272360384464264
0.054899975657463074
-0.0002037781523540616
-0.00014956016093492508
-0.005366151221096516
-0.005311931483447552
-0.0027578556910157204
-0.00014955922961235046
-0.00014955922961235046
0.007350005675107241
-0.0027036345563828945
-0.005257709417492151
-0.00020377978216856718
-0.0003122230991721153
-0.0002580024302005768
-0.002757853828370571
-0.00014955736696720123
0.002350293565541506
-0.0002037781523540616
-0.00014955922961235046
-0.0027578570879995823
-0.00025800103321671486
-0.0027036312967538834
0.002350295428186655
-0.0002580024302005768
0.002404516562819481
-0.00014955922961235046
0.00745844841003418
-0.010311638936400414
-0.002812078222632408
-0.007920227944850922
11.296006202697754
271.56329345703125
521.2692260742188
716.0939331054688
-1162.4312744140625
85.14373016357422
605.3923950195312
695.112060546875
853.7991333007812
259.17578125
-768.205078125
550.7031860351562
435.4175109863281
-131.73646545410156
-980.0072631835938
354.9025573730469
422.5103454589844
-1056.97216796875
-164.21498107910156
464.1698913574219
-934.8925170898438
-228.51522827148438
4.7625041007995605
0.38135313987731934
0.05678418278694153
0.0022340884897857904
0.002478973241522908
-0.002591922413557768
-0.005086652934551239
-0.0025103650987148285
0.0025606444105505943
-0.005086657125502825
-0.0025919578038156033
-0.010075953789055347
0.0026422832161188126
0.0024789138697087765
0.005055354908108711
0.0024789420422166586
-0.0025919671170413494
0.0023973595816642046
0.0024790000170469284
0.002560612978413701
0.002560611115768552
0.0076315756887197495
-0.0077445306815207005
-0.002510377438738942
-0.005086611025035381
-0.002510324353352189
0.002478953916579485
-0.0024286829866468906
6.595796730834991e-05
-0.0051682740449905396
-0.002428710227832198
-0.0025919415056705475
0.005055251065641642
-0.002673608949407935
0.002479005139321089
6.595184822799638e-05
-0.0025919415056705475
-1.569671258039307e-05
0.007549948524683714
0.010126229375600815
0.002479004207998514
0.0024789762683212757
6.594810838578269e-05
0.0024789830204099417
0.005136935971677303
-0.005168280564248562
-0.00766291469335556
-1.570233143866062e-05
-0.00259193847887218
-0.005249882582575083
0.005055230110883713
6.601776112802327e-05
0.002438135677948594
-1.5647401596652344e-05
6.59300567349419e-05
-0.00017895664495881647
0.01028956938534975
0.00513682933524251
-0.0025102836079895496
-0.0025919966865330935
0.0024790065363049507
-0.005004978738725185
-9.735282219480723e-05
-1.563591831654776e-05
0.0025606064591556787
0.005136903841048479
-0.002591940574347973
-9.734277409734204e-05
-0.0024695207830518484
82.44107818603516
264.5526428222656
499.6421203613281
-151.23634338378906
-78.3657455444336
298.62847900390625
207.2962188720703
345.958740234375
-177.47801208496094
-119.47410583496094
590.3038330078125
-431.9673767089844
-319.053955078125
391.9051208496094
300.25860595703125
-416.0270690917969
48.87406921386719
455.3873596191406
-422.54071044921875
-142.44654846191406
649.3889770507812
-142.46742248535156
-664.81103515625
384.33746337890625
604.3657836914062
-658.4677124023438
-273.5384826660156
408.0519714355469
32.19111251831055
-629.8492431640625
76.72544860839844
398.0911865234375
18.53453254699707
-226.25669860839844
-289.54400634765625
1063.901611328125
147.4185028076172
-598.8663330078125
-190.47889709472656
846.468505859375
-1247.5040283203125
-728.1190185546875
575.55419921875
550.3117065429688
-653.4820556640625
-1134.8902587890625
13.75680160522461
3.610419273376465
-0.009984670206904411
0.005027574487030506
-0.004987829830497503
-0.004972233437001705
1.5296856872737408e-05
0.010021391324698925
-0.004984805826097727
1.2074016012775246e-05
-0.009984749369323254
-0.004984766244888306
0.0050214072689414024
-0.004991052206605673
-0.009990916587412357
1.8320861272513866e-05
1.828128006309271e-05
-0.009997322224080563
-0.01999092288315296
-0.014984573237597942
-0.004984845407307148
0.00502455048263073
-0.004987949039787054
0.005024510435760021
-0.004984805826097727
-0.00498158298432827
-0.009987893514335155
-0.009990955702960491
-0.01498465333133936
0.005015121307224035
-0.014990859664976597
2.771045546978712e-05
-0.0049941157922148705
-0.009987893514335155
-0.00497851986438036
-0.009984789416193962
-0.009990876540541649
2.142402809113264e-05
-0.014990978874266148
-0.0049784802831709385
-0.014981510117650032
-0.015003432519733906
0.00502455048263073
-0.009987852536141872
5.3323140144348145
304.4717102050781
741.2444458007812
619.197998046875
-1399.8154296875
293.34808349609375
768.4593505859375
532.7779541015625
666.7117919921875
-31.018844604492188
-577.3167114257812
1105.3009033203125
-416.779052734375
-187.20248413085938
628.4175415039062
16.447540283203125
-432.88092041015625
795.3922729492188
-119.58657836914062
-471.406005859375
883.9083862304688
512.7420654296875
-779.9283447265625
836.2653198242188
-53.172298431396484
-94.75724029541016
377.8652648925781
-632.65087890625
1376.3155517578125
-1233.37646484375
1316.5263671875
-856.8272094726562
-38.477752685546875
960.0711669921875
-740.92578125
295.408203125
-369.18304443359375
373.83697509765625
-122.8208236694336
-1403.583984375
680.8733520507812
-233.87255859375
-589.66259765625
1070.963134765625
-242.72674560546875
-573.6000366210938
780.9227294921875
-502.0668029785156
-486.71685791015625
949.0181274414062
-305.23431396484375
-494.7184753417969
519.4619750976562
-158.0038604736328
-650.1632080078125
799.9142456054688
-50.772621154785156
-865.8089599609375
629.338623046875
58.68735122680664
-961.3052368164062
326.2424621582031
423.80029296875
-868.2866821289062
-4.0382399559021
-1204.534423828125
-141.47927856445312
4.91589879989624
0.2479228675365448
-0.004634683020412922
-0.007041885517537594
-0.0034156362526118755
-0.00579187273979187
-0.0034465279895812273
-0.0034156362526118755
-0.007072850596159697
-0.005853693000972271
-0.004634683020412922
-0.0034465647768229246
-0.005884695798158646
-0.0033229610417038202
-0.002134768757969141
-0.00582283828407526
-0.005884658545255661
-0.005853730253875256
-0.004634646233171225
-0.004665574990212917
-0.004603828303515911
-0.007072777021676302
-0.003353852778673172
0.09733744710683823
152.1212615966797
475.6196594238281
688.2780151367188
86.02913665771484
-399.0564880371094
475.4482116699219
781.035888671875
544.4992065429688
-469.749267578125
19.281219482421875
253.31661987304688
-388.394775390625
-151.22659301757812
228.51373291015625
248.39886474609375
-437.470947265625
-307.57122802734375
462.81365966796875
274.64593505859375
-440.1118469238281
-139.97071838378906
281.10089111328125
712.619140625
-497.129638671875
-118.81267547607422
329.6792297363281
204.23321533203125
-269.7877197265625
-240.61058044433594
267.145751953125
176.93533325195312
-254.92892456054688
-180.4827880859375
425.1924133300781
331.4786071777344
-662.7947998046875
-589.3162841796875
212.31887817382812
435.1900634765625
24.79300880432129
-495.5648193359375
-238.66250610351562
262.1798095703125
311.7896728515625
38.3603515625
-317.0550842285156
221.08700561523438
-20.76523208618164
-499.760986328125
-33.598392486572266
1.742295265197754
0.14420661330223083
0.019333185628056526
0.0018532552057877183
0.11288636177778244
51.0771369934082
246.7356414794922
341.11328125
313.0696716308594
204.3074493408203
-127.83879852294922
-114.06387329101562
261.4053955078125
295.4483337402344
-495.734130859375
-128.91555786132812
293.98828125
269.2331848144531
-390.42132568359375
-61.212188720703125
325.158203125
194.7837677001953
-377.6900329589844
-147.05441284179688
592.145751953125
455.48089599609375
227.5787353515625
204.426025390625
545.7012939453125
264.75946044921875
266.49932861328125
556.2531127929688
-649.7824096679688
189.5221710205078
878.5634765625
-782.01220703125
1013.6393432617188
-410.9436340332031
-411.4923095703125
1142.237060546875
-124.60458374023438
-793.7511596679688
199.820068359375
120.3736572265625
-697.4716796875
805.1420288085938
-1058.50439453125
-9.75084114074707
933.1530151367188
-689.402099609375
-318.5737609863281
806.4747314453125
-174.16989135742188
-749.7823486328125
908.4483642578125
-357.8605041503906
-619.84423828125
749.6930541992188
-188.26182556152344
-446.3910827636719
395.67205810546875
147.10308837890625
-632.27392578125
197.14625549316406
294.9601135253906
-97.65892028808594
-566.0958251953125
113.4513168334961
550.6423950195312
-938.29052734375
-840.9346313476562
360.1600341796875
-394.59002685546875
-66.34906005859375
222.56890869140625
396.3728942871094
455.7460632324219
-934.4834594726562
91.63157653808594
310.1983337402344
470.1074523925781
-693.4998168945312
39.74644088745117
431.7795104980469
401.7750549316406
671.2215576171875
-566.30419921875
-154.22012329101562
997.0165405273438
-6.015868186950684
-945.9241333007812
-813.8323974609375
762.6638793945312
580.9600219726562
580.6046752929688
-484.7686462402344
-11.6328125
574.6536865234375
289.5595703125
-855.8422241210938
401.124755859375
414.5108642578125
-1366.546630859375
-1055.451171875
415.0209655761719
559.301513671875
-69.7987060546875
-262.2945556640625
505.4771728515625
-458.5685119628906
-180.66925048828125
-515.909912109375
4.172342300415039
1.2543246746063232
0.12340951710939407
0.020656943321228027
-0.009561220183968544
0.0026564309373497963
-0.0015762532129883766
0.005318094976246357
0.002656418364495039
-0.006899548694491386
0.0015657930634915829
0.0015658014453947544
0.005798479542136192
-0.0026668785139918327
-0.004718286916613579
0.004227438475936651
-0.0026668948121368885
0.003136846236884594
0.008460131473839283
-0.010041608475148678
-5.24301549376105e-06
0.0026564523577690125
-0.0015762634575366974
-0.0015762373805046082
-0.007379971444606781
-0.00423789257183671
0.004707863554358482
-5.252627488516737e-06
-5.225663244345924e-06
-0.0013360443990677595
0.0013255961239337921
-0.00024541933089494705
-0.002666875720024109
-0.00423789955675602
-0.004237915389239788
-0.0007907322142273188
