-0.00036186927963656457
-0.00036186927963656457
-0.00036186927963656457
-0.00036186927963656457
-0.00036186927963656457
-0.00036186927963656457
-0.00036186927963656457
-0.00036186927963656457
-0.00036186927963656457
-0.00036186927963656457
-0.00036186927963656457
-0.00036186927963656457
-0.00036186927963656457
-0.00036186927963656457
-0.00036186927963656457
-0.00036186927963656457
-0.00036186927963656457
-0.00036186927963656457
-0.00036186927963656457
-0.00036186927963656457
-0.00036186927963656457
-0.00036186927963656457
-0.00036186927963656457
-0.00036186927963656457
-0.00036186927963656457
-0.00036186927963656457
-0.00036186927963656457
-0.00036186927963656457
-0.00036186927963656457
-0.00036186927963656457
-0.00036186927963656457
-0.00036186927963656457
-0.00036186927963656457
-0.00036186927963656457
-0.00036186927963656457
-0.00036186927963656457
-0.00036186927963656457
-0.00036186927963656457
-0.00036186927963656457
-0.00036186927963656457
-0.00036186927963656457
-0.00036186927963656457
-0.00036186927963656457
-0.00036186927963656457
-0.00036186927963656457
-0.00036186927963656457
-0.00036186927963656457
-0.00036186927963656457
-0.00036186927963656457
-0.00036186927963656457
-0.00036186927963656457
-0.00036186927963656457
-0.00036186927963656457
-0.00036186927963656457
-0.00036186927963656457
-0.00036186927963656457
-0.00036186927963656457
-0.00036186927963656457
-0.00036186927963656457
-0.00036186927963656457
-0.00036186927963656457
-0.00036186927963656457
-0.00036186927963656457
-0.00036186927963656457
-0.00036186927963656457
-0.00036186927963656457
-0.00036186927963656457
-0.00036186927963656457
-0.00036186927963656457
-0.00036186927963656457
-0.00036186927963656457
-0.00036186927963656457
-0.00036186927963656457
-0.0003619797596962265
-0.0003642474794320165
-0.00036786844282663065
-0.0003720774452484776
-0.000372478346680855
-0.000372586702123985
-0.00037329289724480157
-0.0003742094979382994
-0.000374499747970972
-0.0003747877020470697
-0.0003748974282105429
-0.0003750950860840323
-0.0003751871299550782
-0.0003753054573887049
-0.0003754308783001077
-0.0003755042803744861
-0.0003755970096057035
-0.00037571777006793945
-0.0003758123840396288
-0.0003758975743089587
-0.0003757532031888112
-0.00037557250797956885
-0.00037531172843427506
-0.0003751019054177397
-0.00037494111992148236
-0.000374726567919763
-0.00037462605985059787
-0.00037453034930263394
-0.0003743498254334345
-0.0003734969289678869
-0.00037248139653361863
-0.00037118592873726033
-0.0003675077720363262
-0.00035691700410861747
-0.0003347225059195753
-0.0003084452829203035
-0.0002779021554709377
-0.00023982839326005704
-0.00020891888939695818
-0.00017450820596323651
-0.00013557943980428062
-0.00010599646768731777
-7.643905093775346e-05
-3.548418234625353e-05
-1.2660177894689798e-06
3.044737192464063e-05
7.079491288357831e-05
0.00010150502833875448
0.0001282832153554573
0.00016849766579432187
0.00020229145653758639
0.00022928955849935135
0.0002644161006323092
0.0003057073375707788
0.00033516494017835167
0.00036582349941461924
0.00040472272655017917
0.0004346186169874903
0.00046509092959712555
0.0005035494016063295
0.0005370180060821742
0.000563629582041161
0.0006046910177140931
0.0006354570414252676
0.0006649772859525248
0.0007027924446366564
0.0007318696723489913
0.0007595671329638611
0.0007931839808448228
0.0008144024576134895
0.0008380196949827561
0.0008624549097168272
0.000876844183591603
0.0008921023570919333
0.0009060506016962845
0.0009145712049576669
0.0009203365917932003
0.0009238542028739372
0.0009232385438317889
0.0009245458683591159
0.0009241232067412901
0.0009244606095537688
0.0009245389462213826
0.0009245369586768851
0.0009245366845328164
0.0009245366159967992
0.0009245366159967992
0.0009245366159967992
0.0009245366159967992
0.0009245366159967992
0.0009245366159967992
0.0009245366159967992
0.0009245366159967992
0.0009245366159967992
0.0009245366159967992
0.0009245366159967992
0.0009245366159967992
0.0009245366159967992
0.0009245366159967992
0.0009245366159967992
0.0009245366159967992
0.0009245366159967992
0.0009245366159967992
0.0009245366159967992
0.0009245366159967992
0.0009245366159967992
0.0009245366159967992
0.0009245366159967992
0.0009245366159967992
0.0009245366159967992
0.0009245366159967992
0.0009245366159967992
0.0009245366159967992
0.0009245366159967992
0.0009245366159967992
0.0009245366159967992
0.0009245366159967992
0.0009245366159967992
0.0009245366159967992
0.0009245366159967992
0.0009245366159967992
0.0009245366159967992
0.0009245366159967992
0.0009245366159967992
0.0009245366159967992
0.0009245366159967992
0.0009245366159967992
0.0009245366159967992
0.0009245366159967992
0.0009245366159967992
0.0009245366159967992
0.0009245366159967992
0.0009245366159967992
0.0009245366159967992
0.0009245366159967992
0.0009245366159967992
0.0009245366159967992
0.0009245366159967992
0.0009245366159967992
0.0009245366159967992
0.0009245366159967992
0.0009245366159967992
0.0009245366159967992
0.0009245366159967992
0.0009245366159967992
0.0009245366159967992
0.0009245366159967992
0.0009245366159967992
0.0009245366159967992
0.0009245366159967992
0.0009245366159967992
0.000924532640907804
0.0009245056377170429
0.0009244114006934479
0.0009241996244004235
0.0009241116241543901
0.0009240625523661035
0.0009239549508191623
0.000923794165322905
0.0009235307814089591
0.0009232646560543268
0.0009230802256321493
0.0009229102563095925
0.0009226498879804017
0.0009223946598524978
0.0009221910393455155
0.0009219391694824525
0.0009216573493798906
0.0009214851183687675
0.0009212943826330112
0.0009210061201448363
0.0009208111351760161
0.0009205897638405893
0.0009203219936215452
0.0009201069275996971
0.0009199040609889035
0.0009196234745346505
0.0009194310939344823
0.0009192089001668496
0.0009189370177867759
0.0009187238707734083
0.0009183400005412952
0.0009161101812229947
0.0009125607008942784
0.0009043559801359864
0.0008954287526847938
0.0008816510942271538
0.0008672076083628044
0.0008519623881697173
0.0008299244262438687
0.0008083416805439966
0.0007808688124573601
0.0007530662175921668
0.0007230638907202062
0.0006876028071534861
0.0006623227489358837
0.0006292058713001042
0.0005905404547870856
0.000561214269992417
0.0005248214392724067
0.0004883039072691739
0.00046062519125499723
0.0004245535888474159
0.0003875131955692694
0.0003609990435586755
0.00032126823465890476
0.00028558310685208865
0.0002565667048549832
0.0002183615419652026
0.000184879881378089
0.0001563442938093695
0.00011620470183524795
8.417549935879974e-05
5.646639618801483e-05
1.54961369771614e-05
-2.0148040559401606e-05
-4.776296881735707e-05
-8.463692666133157e-05
-0.00011522143273105775
-0.0001304217446989007
-0.0001562694353446265
-0.00018969194934893103
-0.00020421798684594963
-0.00020869844329776303
-0.0002218969210083882
-0.0002447370627470861
-0.00025569576628291826
-0.00027198040371225385
-0.0002931214861835425
-0.00031815669947984085
-0.0003551053230310101
-0.0003962428336829898
-0.0004267548971825779
-0.0004594481536962914
-0.0005004533212991352
-0.0005334173978846565
-0.0005633512230074657
-0.0006034830704116481
-0.0006338008000345791
-0.0006640028408605439
-0.0007031582898962565
-0.0007326496807602892
-0.0007589742964154272
-0.000791134753931739
-0.0008155979998968285
-0.0008345373114148394
-0.0008459854991852283
-0.0008502227384461451
-0.0008634031740502529
-0.0008803284861680002
-0.0008934246224710012
-0.0009032539209800536
-0.0009106659541638731
-0.0009193855860190881
-0.0009273714027385711
-0.0009298572040809641
-0.0009333057993924209
-0.0009333720737210147
-0.00093401603813825
-0.0009337224983767537
-0.0009338735517585744
-0.0009334417748504664
-0.0009332842790830327
-0.0009329455055502109
-0.0009326443582908098
-0.0009324653422139879
-0.0009323210738978661
-0.0009323190178173512
-0.000932319360497437
-0.0009323194975694714
-0.0009323194975694714
-0.0009323194975694714
-0.0009323194975694714
-0.0009323194975694714
-0.0009323194975694714
-0.0009323194975694714
-0.0009323194975694714
-0.0009323194975694714
-0.0009323194975694714
-0.0009323194975694714
-0.0009323194975694714
-0.0009323194975694714
-0.0009323194975694714
-0.0009323194975694714
-0.0009323194975694714
-0.0009323194975694714
-0.0009323194975694714
-0.0009323194975694714
-0.0009323194975694714
-0.0009323194975694714
-0.0009323194975694714
-0.0009323194975694714
-0.0009323194975694714
-0.0009323194975694714
-0.0009323194975694714
-0.0009323194975694714
-0.0009323194975694714
-0.0009323194975694714
-0.0009323194975694714
-0.0009323194975694714
-0.0009323194975694714
-0.0009323192919614199
-0.0009322930426668476
-0.0009321497338549661
-0.0009319284995915736
-0.0009318004743115188
-0.0009315027538529757
-0.0009306593496258048
-0.0009280301023994958
-0.0009168181582802574
-0.0008958107039084265
-0.0008717196770525328
-0.0008413397852620378
-0.0008014579915164635
-0.0007680950010430626
-0.0007441383047808025
-0.0007177670846339958
-0.0006844740008980979
-0.0006613142414433743
-0.0006492302450417922
-0.0006273447072181073
-0.0006193345602125325
-0.0006194897257553827
-0.0006195077507278959
-0.0006195100809524793
-0.0006195104236325651
-0.0006195104921685822
-0.0006195104921685822
-0.0006195104921685822
-0.0006195104921685822
-0.0006195104921685822
-0.0006195104921685822
-0.0006195104921685822
-0.0006195104921685822
-0.0006195104921685822
-0.0006195104921685822
-0.0006195104921685822
-0.0006195104921685822
-0.0006195104921685822
-0.0006195104921685822
-0.0006195104921685822
-0.0006195104921685822
-0.0006195104921685822
-0.0006195104921685822
-0.0006195104921685822
-0.0006195104921685822
-0.0006195104921685822
-0.0006195104921685822
-0.0006195104921685822
-0.0006195104921685822
-0.0006195104921685822
-0.0006195104921685822
-0.0006195104921685822
-0.0006195104921685822
-0.0006195104921685822
-0.0006195104921685822
-0.0006195104921685822
-0.0006195104921685822
-0.0006195104921685822
-0.0006195104921685822
-0.0006195104921685822
-0.0006195104921685822
-0.0006195104921685822
-0.0006195104921685822
-0.0006195104921685822
-0.0006195104921685822
-0.0006195104921685822
-0.0006195104921685822
-0.0006195104921685822
-0.0006195104921685822
-0.0006195104921685822
-0.0006195104921685822
-0.0006195104921685822
-0.0006195104921685822
-0.0006195104921685822
-0.0006195104921685822
-0.0006195104921685822
-0.0006195104921685822
-0.0006195104921685822
-0.0006195104921685822
-0.0006195104921685822
-0.0006195104921685822
-0.0006195104921685822
-0.0006195104921685822
-0.0006195104921685822
-0.0006195104921685822
-0.0006195104921685822
-0.0006195104921685822
-0.0006195104921685822
-0.0006195104921685822
-0.0006195104921685822
-0.0006195104921685822
-0.0006185468757673127
-0.0006118720845200834
-0.0005938243580493068
-0.0005735461269000583
-0.0005619783437797252
-0.0005406420878655691
-0.000507286362209987
-0.0004677616753818249
-0.00043139255812375203
-0.0004033485108701041
-0.0003607496067242217
-0.00032306881290173223
-0.0002981650174183382
-0.0002660504790335236
-0.00022458911856645863
-0.00019222161374230653
-0.00016266035040877913
-0.00012384019670301754
-8.717422425361828e-05
-5.943827638161201e-05
-2.7408489207267407e-05
1.1841664824532346e-05
4.1048598020217836e-05
7.067373692173837e-05
0.00010846336165597688
0.00014268522836242273
0.00016992021650049906
0.0002073124394227364
0.0002472674639026461
0.00027420033671007903
0.00029817190528806274
0.00033452882313508115
0.0003757100940340175
0.0004043376226697571
0.00042981033563159633
0.0004616983282116885
0.0005053104002992471
0.0005381274328599516
0.0005675431599610397
0.0006019485489874359
0.0006297157792677745
0.0006377913096337199
0.000655603272205466
0.0006839994575152821
0.0007089136704732845
0.0007095189805768415
0.0007094401641571075
0.0007094352295638719
0.0007094352295638719
0.0007094352295638719
0.0007094352295638719
0.0007094352295638719
0.0007094352295638719
0.0007094352295638719
0.0007094352295638719
0.0007094352295638719
0.0007094352295638719
0.0007094352295638719
0.0007094352295638719
0.0007094352295638719
0.0007094352295638719
0.0007094352295638719
0.0007094352295638719
0.0007094352295638719
0.0007094352295638719
0.0007094352295638719
0.0007094352295638719
0.0007094352295638719
0.0007094352295638719
0.0007094352295638719
0.0007094352295638719
0.0007094352295638719
0.0007094352295638719
0.0007094352295638719
0.0007094352295638719
0.0007094352295638719
0.0007094352295638719
0.0007094352295638719
0.0007094352295638719
0.0007094352295638719
0.0007094352295638719
0.0007094352295638719
0.0007094352295638719
0.0007094352295638719
0.0007094352295638719
0.0007094352295638719
0.0007094352295638719
0.0007094352295638719
0.0007094352295638719
0.0007094352295638719
0.0007094496906634928
0.0007123992752340075
0.0007228932360374778
0.0007437647834872805
0.0007515743255706279
0.0007582467865932738
0.0007738113160903093
0.0008004092533818813
0.0008391697293507008
0.0008665328712738642
0.0008799939618682422
0.0008953903725151842
0.0008893905239649465
0.000882662548768401
0.0008905152000065421
0.0008992819846415632
0.000893226690453443
0.0008878701894962863
0.0008905030005954876
0.0008884652877332865
0.0008886952260708583
0.000888015280244614
0.000887868750239926
0.0008875868616013468
0.0008873212845348519
0.0008870682495594972
0.0008849049101778418
0.0008818296990878728
0.000874413690815058
0.0008649010972413018
0.0008513936762993237
0.0008342840708314332
0.0008171392378507226
0.0007935409849582093
0.0007698555542518685
0.000740619597123791
0.0007115416155152673
0.0006803177712094642
0.000643761345016493
0.0006141611874932273
0.0005757858154048298
0.0005412791301450712
0.0005135151210575391
0.000477433786535521
0.00043754020459499523
0.00041133453319763846
0.00037380520397307254
0.0003375043828560996
0.00031125179855499683
0.00027312927296790684
0.00023209131088085204
0.0002040228990731037
0.00016712274762007088
0.00012810256298122569
0.00010062709052593706
6.55769703356137e-05
2.9389820486601677e-05
-3.813604351331833e-07
-3.436832817511678e-05
-7.227852061404294e-05
-9.620554934787483e-05
-0.00012118015967099942
-0.00015295290893823705
-0.0001769912829989475
-0.00019694963942210614
-0.00020219817901823164
-0.0002020674808335075
-0.00020205557270052598
-0.00020205557270052598
-0.00020205557270052598
-0.00020205557270052598
-0.00020205557270052598
-0.00020205557270052598
-0.00020205557270052598
-0.00020205557270052598
-0.00020205557270052598
-0.00020205557270052598
-0.00020205557270052598
-0.00020205557270052598
-0.00020205557270052598
-0.00020205557270052598
-0.00020205557270052598
-0.00020205557270052598
-0.00020205557270052598
-0.00020205557270052598
-0.00020205557270052598
-0.00020205557270052598
-0.00020205557270052598
-0.00020205557270052598
-0.00020205557270052598
-0.00020205557270052598
-0.00020352717806098545
-0.00021194355517427176
-0.00022969971229404534
-0.0002532770445673205
-0.0002688838950549523
-0.000289662918881589
-0.0003160599085708479
-0.0003496791552124102
-0.00036321018681229994
-0.0003711973399841175
-0.0003728629022731398
-0.00036999823382788616
-0.0003731647348927124
-0.00037215290340337077
-0.0003722230157489254
-0.00037443621508306466
-0.0003725529481355337
-0.0003736821475542618
-0.00037354219700722107
-0.0003725693282436349
-0.00037408812065190905
-0.000366726153028625
-0.00033323376655482585
-0.0002997290435979379
-0.0002733322081147176
-0.0002428900170846242
-0.00020071625898718958
-0.00016509522949042236
-0.00014124331623139783
-0.0001126278156666698
-7.227410004093611e-05
-3.780335763867694e-05
-1.3187727193808455e-05
2.2538474033916585e-05
6.548125978764976e-05
9.577320701762527e-05
0.00010070855414933385
0.00011171118070516341
0.00013270957975572716
0.00015965773609498676
0.0001760868474484956
0.00017694642617571628
0.00018422013654290255
0.000200791614338057
0.00022408860003313917
0.00023590162215687499
0.00025075430231167814
0.00027012982844490813
0.0002738479587778509
0.00027374493201005515
0.0002737355254416999
0.0002737341375873524
0.0002737340005153181
0.0002737339662473095
0.0002737339662473095
0.0002749047156264409
0.0002818545761785419
0.00030124440920535405
0.0003272830240608833
0.00036521777809495916
0.00040659896855595125
0.0004326173995544269
0.0004652950641242366
0.0005080400527906955
0.0005447629872373568
0.0005682898941360065
0.0005978481076167703
0.000643470478159666
0.0006729163611083045
0.0006990850573244035
0.000733150336365643
0.0007736684870305479
0.0008052682513904737
0.0008292368043837023
0.000859802908532821
0.0008904882653517982
0.0008902409874018849
0.0008760546486739198
0.000862760237673275
0.000868038470498835
0.0008741270731912949
0.0008797599113696408
0.0008847775702579586
0.0008897074345082944
0.0008946668377820261
0.000884121954717806
0.0008686952511512793
0.0008497643695633791
0.0008325665582414037
0.0008097427623427984
0.0007827480700478872
0.000760039962946248
0.0007285362860823806
0.0006962279963770546
0.0006697303272785877
0.0006295722648478415
0.000596369717190612
0.0005673465643958164
0.0005272439476029525
0.00049406922556869
0.000469965588085639
0.0004303171252104859
0.0003945114082814768
0.0003683492572550166
0.000332258259154579
0.00029287677833427276
0.0002650439762195162
0.00022935115524477388
0.00019215461978553265
0.00016515543838149742
0.0001305655760979131
9.09870285272654e-05
6.476093339679496e-05
3.679635793854509e-05
-4.130972827716194e-06
-4.231026899311409e-05
-6.603577613548916e-05
-9.222724772679059e-05
-0.0001303328020826313
-0.0001553274763247795
-0.00015712757481548684
-0.00016551400168927425
-0.00016884255616667526
-0.00016881533023385846
-0.00017218557174369706
-0.000183337169899826
-0.00020693999757148468
-0.00021335544852978057
-0.00021614198591547176
-0.00022610702000650968
-0.0002481576782295373
-0.00025912138489462216
-0.00026510178634999066
-0.000280101476261602
-0.0003045152906243149
-0.0003407002516042789
-0.00037263933778516385
-0.0003979585643365732
-0.00043413910474343034
-0.0004748881189821386
-0.0005015123398362915
-0.0005113093921492702
-0.0005300071827428094
-0.0005562986269656418
-0.0005985964523881404
-0.0006350450028901017
-0.0006603491172497273
-0.0006828152922107916
-0.0007119984766056559
-0.0007383526312841898
-0.0007645725924411244
-0.0007938215714124623
-0.0008105550512181787
-0.0008105375745338029
-0.0008134168411507115
-0.0008221067969104963
-0.0008321579465070957
-0.0008381226360805303
-0.0008470616517266746
-0.000853556604464876
-0.0008589699217802585
-0.000859150925401578
-0.0008591309814205845
-0.0008591293365561726
-0.000859129062412104
-0.0008591289938760868
-0.0008591289938760868
-0.0008591289938760868
-0.0008591289938760868
-0.0008591289938760868
-0.0008591289938760868
-0.0008591289938760868
-0.0008591289938760868
-0.0008591289938760868
-0.0008591289938760868
-0.0008591289938760868
-0.0008591289938760868
-0.0008591289938760868
-0.0008591289938760868
-0.0008591289938760868
-0.0008591289938760868
-0.0008591289938760868
-0.0008591289938760868
-0.0008591289938760868
-0.0008591289938760868
-0.0008591289938760868
-0.0008591289938760868
-0.0008591289938760868
-0.0008591289938760868
-0.0008591289938760868
-0.0008591289938760868
-0.0008591289938760868
-0.0008591289938760868
-0.0008591289938760868
-0.0008591289938760868
-0.0008591289938760868
-0.0008591289938760868
-0.0008591289938760868
