-3.742661647265777e-08
5286.09423828125
0.0005149115459062159
-0.0005149864591658115
-0.004556048661470413
-0.0035261507146060467
-0.0023871473968029022
-0.00043645594269037247
0.002277968218550086
-3.750392352230847e-08
0.0022779679857194424
0.0012480703881010413
-0.0012481450103223324
0.002277968218550086
-0.0047742584720253944
-0.001466353889554739
-0.0035261507146060467
-0.0008117263205349445
0.0022779679857194424
-0.0035261507146060467
-0.0010299356654286385
-3.726881914190017e-08
0.00352607574313879
0.003526075277477503
-0.002278042957186699
-0.0022780431900173426
0.001029860693961382
0.0020597591064870358
-3.736477083293721e-08
-0.0010299358982592821
0.00249617756344378
-3.746026777662337e-08
0.00352607574313879
-3.757304511964321e-08
-0.001248144661076367
-0.0035261502489447594
-3.7364316085586324e-08
-3.749892130144872e-08
0.0022779684513807297
-0.0002182468306273222
-3.7306563172023743e-08
0.00249617756344378
0.0022779679857194424
-0.00021824659779667854
0.0012480698060244322
-0.0010299354325979948
0.00352607574313879
0.00249617756344378
0.0002181720919907093
-0.0010299357818439603
-0.001248144661076367
-0.0022780431900173426
-0.002278042957186699
-0.0012481450103223324
-0.0035261509474366903
0.00249617756344378
0.002277968218550086
-0.0022780431900173426
-0.0035261502489447594
0.003307866398245096
0.001248069922439754
0.0024961777962744236
-0.0033079413697123528
0.003744285088032484
0.002277968218550086
-3.718196239788085e-08
0.00102986057754606
-0.0035261502489447594
-0.0012481447774916887
-0.0010299358982592821
-0.0012481447774916887
-0.00021824706345796585
0.0008116518147289753
-28.284404754638672
-138.66360473632812
-71.1490478515625
-7.688030242919922
44.170166015625
39.036376953125
-6.75738525390625
19.59356689453125
34.761573791503906
8.3118896484375
9.29888916015625
0.0406036376953125
3.3743896484375
0.07647705078125
0.6092529296875
2.33154296875
-0.4029541015625
-1.4427947998046875
0.47198486328125
1.400146484375
18.875579833984375
9.755126953125
2.6842041015625
-1.0634765625
1.364990234375
0.402099609375
-12.47900390625
-1.15057373046875
0.8720703125
81.27130126953125
38.80078125
1.11175537109375
325.42620849609375
451.7125244140625
823.7993774414062
1589.4119873046875
1093.6575927734375
1036.3203125
408.7596130371094
-99.04418182373047
47.494991302490234
-23.255355834960938
7.649489879608154
-2.2263362407684326
12.680935859680176
-11.725695610046387
-4.09601354598999
-12.951942443847656
0.9694166779518127
-0.11192023754119873
-3.9371657371520996
1.1619964838027954
-0.5008165240287781
-82.69719696044922
-440.4144592285156
109.81292724609375
-49.52803039550781
23.872543334960938
51.644187927246094
251.9217987060547
-30.993385314941406
61.97939682006836
12.907196998596191
386.15899658203125
147.63302612304688
282.7624206542969
386.3258972167969
214.35748291015625
337.4704895019531
383.2095947265625
74.09580993652344
299.71832275390625
266.5242004394531
55.871482849121094
283.84478759765625
234.28030395507812
100.3597640991211
167.5948486328125
133.52984619140625
-21.721923828125
25.9473876953125
-17.29339599609375
10.3892822265625
-1.47747802734375
-0.05687403678894043
-0.0010265111923217773
-0.00914040207862854
0.00014115311205387115
0.010021799243986607
-0.004996831528842449
0.00499676913022995
0.00500304251909256
0.004999905358999968
-0.010006178170442581
-0.010003043338656425
-0.005003104917705059
0.004998337011784315
0.01000454742461443
-1.599808456376195e-06
0.005004610866308212
-0.005003104917705059
-0.004999968223273754
-0.004999968688935041
0.015004484914243221
0.00500304251909256
-3.151035343762487e-08
-3.1680683605372906e-06
-3.168242983520031e-06
0.005006179213523865
1.5369150787591934e-06
-0.005003105383366346
-3.147806637571193e-08
-0.005001537036150694
0.005001474171876907
-0.010006178170442581
0.005001474171876907
0.010006115771830082
0.004999905824661255
-3.1548552215099335e-08
0.004999905824661255
-3.1472609407501295e-08
-3.142849891446531e-08
0.00500304251909256
1.5369732864201069e-06
-3.1455783755518496e-08
3.1052622944116592e-06
-0.004999968688935041
-0.005003104917705059
-0.01000304240733385
-0.005003104917705059
-0.004999968223273754
-3.168242983520031e-06
0.005001474171876907
0.00500931590795517
-3.142031346214935e-08
-0.005006242077797651
3.1052622944116592e-06
0.005006179213523865
-0.005001537036150694
-0.010004609823226929
0.0050030420534312725
-0.005006241612136364
3.1053205020725727e-06
0.0050030420534312725
0.00500304251909256
0.00500304251909256
-0.009999904781579971
-3.1681847758591175e-06
0.010006115771830082
-3.168242983520031e-06
0.004999905358999968
1.160736083984375
4.14288330078125
2.086822509765625
4.064262390136719
-2.727874755859375
0.3499755859375
0.541351318359375
-0.14813232421875
0.886627197265625
0.653167724609375
-0.20709228515625
-0.05218505859375
0.0487060546875
0.0059661865234375
-0.05810546875
0.3885498046875
0.033935546875
-0.3314208984375
-0.09320068359375
0.0888214111328125
-0.05377197265625
1.147613525390625
-0.28253173828125
-0.455078125
-0.01806640625
0.041748046875
-1.4481201171875
0.693359375
-1.016357421875
0.26025390625
11.4737548828125
200.06158447265625
247.06121826171875
419.7510986328125
314.673828125
351.9326171875
442.62109375
302.57550048828125
373.26708984375
574.8905029296875
424.4210205078125
801.1358642578125
520.508056640625
660.6207275390625
508.139892578125
260.60333251953125
458.278564453125
320.8617858886719
-6.562162399291992
30.773283004760742
7.920263290405273
11.978948593139648
-0.2390122413635254
4.3102006912231445
0.21403121948242188
2.341719627380371
-1.1478614807128906
0.027849197387695312
1.8216209411621094
2.2547779083251953
16.844409942626953
1.43585205078125
-1.673264980316162
-8.381484985351562
-5.094435691833496
-0.6348457336425781
-1.2583327293395996
3.348294258117676
0.657038688659668
-2.15670108795166
2.590089797973633
7.34068489074707
1.087395191192627
-0.8819026947021484
0.10040283203125
0.5048122406005859
-0.3815751075744629
0.3059074878692627
-0.11505413055419922
-0.6181564331054688
0.6068382263183594
-0.5187845230102539
0.49459218978881836
0.0038480758666992188
3.5745415687561035
34.5625114440918
171.86642456054688
98.98368835449219
277.0361633300781
162.86666870117188
351.0762023925781
262.32330322265625
249.39703369140625
307.30072021484375
227.83749389648438
656.5283203125
298.864013671875
-428.42059326171875
22.8045654296875
146.69537353515625
3.4703369140625
94.294921875
88.56585693359375
169.106689453125
165.84542846679688
13.3946533203125
189.1126708984375
-13.171142578125
43.15118408203125
-11.209869384765625
33.91204833984375
-6.758720397949219
2.981842041015625
1.188323974609375
-0.24761962890625
0.01849365234375
0.10809326171875
-0.0217742919921875
-0.016429543495178223
-0.006382450461387634
0.009402874857187271
-1.0527583071961999e-07
0.004999600350856781
-0.014945002272725105
-0.009945295751094818
-0.004972700495272875
0.004999600816518068
0.004999600816518068
0.004918268881738186
2.7005327865481377e-05
-0.004945590626448393
-1.052685547620058e-07
-0.009999517351388931
-0.004999811295419931
-0.004972700960934162
0.004999600816518068
0.004972490482032299
-1.0527583071961999e-07
0.004999600816518068
-0.004972700960934162
-0.004999811295419931
2.7005327865481377e-05
0.004972490482032299
-0.004999811295419931
0.009972196072340012
0.004999600816518068
0.014917680993676186
-0.00989107508212328
-0.009972406551241875
-0.019917597994208336
-0.02480792999267578
-0.030548095703125
0.28271484375
-0.6993408203125
2.32666015625
13.932861328125
8.10174560546875
58.77685546875
293.5849914550781
705.0165405273438
925.5386352539062
278.8614196777344
590.3134765625
635.2054443359375
-374.8090515136719
27.04102325439453
72.15608978271484
-59.33241271972656
18.037715911865234
5.753847122192383
-59.62145233154297
-13.193958282470703
0.7067210674285889
0.06501027196645737
0.01184883713722229
0.003901566145941615
0.00015956946299411356
0.0010803943732753396
0.0009171178680844605
-0.0001669545454205945
-0.0010877526365220547
0.0009171169367618859
0.001080385991372168
0.0005906026344746351
-0.002335082273930311
0.0001595555222593248
-0.0009244809043593705
0.000159562099725008
0.0010803837794810534
0.0014069051248952746
0.00015957577852532268
-0.0010877600871026516
-0.001087760436348617
-0.002008568961173296
0.0032485316041857004
-0.00016695748490747064
0.0009171277633868158
-0.0001669449993642047
0.00015956492279656231
-0.0014142740983515978
-0.0012510187225416303
0.002164451638236642
-0.0014142805011942983
0.0010803898330777884
-0.000924505409784615
0.002327712718397379
0.0001595769717823714
-0.0012510201195254922
0.0010803897166624665
-3.6927342534909258e-06
-0.0007612366462126374
-0.0018453107913956046
0.00015957673895172775
0.00015957016148604453
-0.0012510210508480668
0.00015957182040438056
-0.0021718242205679417
0.00216445024125278
0.002001196378841996
-3.6940559766662773e-06
0.0010803905315697193
0.0034117884933948517
-0.0009245101828128099
-0.001251004752703011
0.0007832300616428256
-3.6811338759434875e-06
-0.0012510252417996526
0.002490971004590392
-0.004339955747127533
-0.0021718493662774563
-0.00016693543875589967
0.0010803769109770656
0.00015957729192450643
-0.0003302034456282854
0.0012436328688636422
-3.6784319945581956e-06
-0.0010877616005018353
-0.0021718316711485386
0.0010803899494931102
0.0012436353135854006
-0.0007906135288067162
4.334047317504883
10.12265682220459
6.767061233520508
-4.43084716796875
-0.5720905065536499
-0.06938493996858597
0.7504618167877197
2.2510862350463867
-2.905996799468994
3.3914425373077393
-1.5283534526824951
0.47600996494293213
1.8731573820114136
-1.1027530431747437
0.024593686684966087
-0.009463980793952942
-0.1757098287343979
0.057635847479104996
-0.016211844980716705
0.2628277838230133
-0.039694905281066895
0.020036794245243073
0.38337165117263794
-0.4245215058326721
-0.13687549531459808
0.718790590763092
0.2574778199195862
0.15406949818134308
-1.1959153413772583
1.3522590398788452
0.023342417553067207
-0.015653535723686218
-0.9963209629058838
-0.48966261744499207
2.3407249450683594
-0.8743076920509338
-0.5371813178062439
1.6420036554336548
-0.29089388251304626
0.37901508808135986
-15.461605072021484
0.13917167484760284
0.15114758908748627
-0.9609287977218628
0.09600149095058441
-0.2894623875617981
0.005401233211159706
-0.002839708002284169
1.2572180821734946e-05
0.004974839743226767
-0.0012499960139393806
0.004999984055757523
-1.2572180821734946e-05
0.0024622755590826273
-9.094947017729282e-13
-0.0012625681702047586
1.2572180821734946e-05
-4.547473508864641e-13
0.0024748477153480053
-0.0024999920278787613
-0.0024874198716133833
0.0012374238576740026
0.0012374237412586808
-0.004987412132322788
-0.0024622755590826273
2.5144361643469892e-05
-4.547473508864641e-13
0.003724843729287386
-0.0012499960139393806
0.003724843729287386
-9.094947017729282e-13
0.0012499960139393806
-0.0012374237412586808
-0.0024874198716133833
2.5144361643469892e-05
-2.5144363462459296e-05
-0.0024748477153480053
0.004987411666661501
-0.003749988041818142
-0.0012374237412586808
0.0024999920278787613
1.2572179912240244e-05
-0.0024874198716133833
0.0024874198716133833
-0.0024748477153480053
0.0024999920278787613
0.0012751404428854585
-0.007474831771105528
0.003724843729287386
-0.0012374238576740026
-0.028998861089348793
-0.05911833792924881
0.23736515641212463
-0.25170615315437317
0.20638881623744965
-0.021041633561253548
30.939346313476562
23.81056022644043
40.24321746826172
1261.0421142578125
562.564208984375
89.95556640625
1341.030029296875
79.20834350585938
-484.0721130371094
-73.69659423828125
843.6306762695312
-98.52593994140625
-307.7293395996094
178.96029663085938
-91.63671875
34.65997314453125
-31.21783447265625
5.41357421875
-2.5632705688476562
2.76605224609375
181.17971801757812
213.230224609375
338.7061767578125
508.02099609375
394.4329833984375
546.40283203125
348.6201477050781
459.2523193359375
579.0416259765625
688.7947998046875
520.7870483398438
597.7171020507812
581.6206665039062
563.5087890625
203.75619506835938
162.87899780273438
-33.044761657714844
38.21223831176758
-1.0538073778152466
8.271842956542969
3.6308279037475586
3.8557138442993164
1.6921210289001465
0.1412973403930664
0.17299222946166992
1.3494560718536377
2.248101234436035
12.666866302490234
9.945348739624023
1.6121253967285156
-14.137290000915527
-6.309591293334961
0.3099527359008789
-4.031018257141113
1.2661809921264648
-0.5646243095397949
-0.5796842575073242
-0.14869117736816406
-0.06501439213752747
0.0025091171264648438
0.004044651985168457
-0.010397866368293762
0.003439870197325945
0.0
0.015015157870948315
-0.005007626488804817
0.015007434412837029
-0.010007531382143497
-0.005007626488804817
0.010015252977609634
0.0050076269544661045
0.0
-0.010007531382143497
7.722936970822047e-06
0.009992084465920925
-1.544587212265469e-05
0.010007529519498348
7.722936970822047e-06
0.0050076269544661045
0.0
-0.004999903962016106
0.004999904427677393
0.010015254840254784
0.004992181435227394
0.009381971322000027
0.02881026268005371
0.41022396087646484
0.2469930648803711
9.799339294433594
109.03718566894531
26.900421142578125
376.32379150390625
565.343505859375
980.9930419921875
400.45489501953125
353.63372802734375
139.81463623046875
-154.2138671875
104.58016204833984
-35.319091796875
-24.85125732421875
83.37930297851562
-52.38446044921875
35.882904052734375
5.751312255859375
-52.684959411621094
255.8387451171875
456.3938903808594
495.6720275878906
230.61163330078125
193.9689178466797
-72.30944061279297
-216.57691955566406
220.1087188720703
41.31467819213867
-158.9962615966797
113.73622131347656
103.41368103027344
-109.13737487792969
-40.00554656982422
357.2370910644531
-36.31157684326172
-29.957883834838867
-11.933454513549805
44.78166580200195
7.562140464782715
-1.0887012481689453
-4.398712158203125
-2.2647464275360107
3.5759217739105225
1.8090144395828247
-0.7380245327949524
0.2537342309951782
-0.1333521157503128
0.0012247151462361217
0.0013332178350538015
-0.0025966817047446966
-1.3029719411861151e-05
-0.0012514906702563167
-0.0013252903008833528
0.04414157196879387
0.016984447836875916
-0.03753029182553291
-0.27975529432296753
0.07120990753173828
0.7159283757209778
-0.09399012476205826
-0.5690548419952393
0.22979526221752167
-0.02731885388493538
-0.027046818286180496
0.18797318637371063
0.5303518772125244
-1.2346993684768677
1.149132490158081
-1.3893157243728638
2.170645236968994
72.8707046508789
205.0510711669922
-24.53329849243164
733.1180419921875
1607.0133056640625
565.3611450195312
-42.6055908203125
-923.2008666992188
-186.2362518310547
68.175048828125
-9.16534423828125
2.080108642578125
128.7314453125
1914.0479736328125
323.48046875
307.9017333984375
368.162353515625
236.99658203125
464.2488708496094
544.8902587890625
311.8547058105469
444.2022399902344
374.36370849609375
208.25613403320312
512.4906005859375
117.15215301513672
-60.59605407714844
165.6400146484375
-62.54546356201172
26.743202209472656
-3.222872734069824
3.2379236221313477
0.25848865509033203
0.6792541742324829
0.16790437698364258
0.6382331848144531
-0.04482293128967285
3.4433863162994385
4.873714447021484
10.644947052001953
-3.3030834197998047
-7.111839294433594
-0.1355729103088379
-5.8062825202941895
2.0893735885620117
-1.3950202465057373
-0.38089799880981445
11.180525779724121
6.546001434326172
-1.892106056213379
2.0362300872802734
0.38873690366744995
-0.780132532119751
-0.4544792175292969
-0.11127328872680664
0.2880525588989258
-0.04228675365447998
0.0532536506652832
-0.039008140563964844
-0.3309822082519531
-0.30999264121055603
0.4970870018005371
-0.1523747444152832
0.1540088653564453
0.15758848190307617
-0.33453941345214844
0.1237936019897461
0.041995324194431305
-0.4859619140625
1.571009635925293
-0.1564178466796875
15.117298126220703
99.91842651367188
113.97984313964844
516.241455078125
765.8414916992188
-193.4395294189453
-432.177978515625
206.996826171875
83.54205322265625
344.9385986328125
-29.237060546875
22.447021484375
17.98748779296875
-7.799049377441406
33.494293212890625
42.625
-21.3028564453125
17.190826416015625
-7.67645263671875
-0.44029664993286133
0.08025634288787842
0.0008611232042312622
-0.004715992137789726
0.005802371073514223
-0.004234012681990862
-0.006895669270306826
-0.008466691710054874
-0.004234015475958586
0.0015696948394179344
0.006893002428114414
0.006893004756420851
0.009554659016430378
0.004231348633766174
-0.020684339106082916
0.002660319209098816
0.0042313444428145885
0.0137873450294137
0.0053219785913825035
-0.012218981981277466
-1.3369171938393265e-06
-0.004234006628394127
-0.0068956720642745495
-0.006895665545016527
-0.01645166613161564
-0.0026629851199686527
0.020681679248809814
-1.339368054686929e-06
-1.3324923884283635e-06
0.0021150100510567427
-0.0021176740992814302
-0.009012008085846901
0.004231349099427462
-0.002662986982613802
-0.0026629911735653877
-0.003448499133810401
