-0.0004115248577249986
-0.0004115248577249986
-0.0004115248577249986
-0.0004115248577249986
-0.0004115248577249986
-0.0004115248577249986
-0.0004115248577249986
-0.0004115248577249986
-0.0004115248577249986
-0.0004115248577249986
-0.0004115248577249986
-0.0004115248577249986
-0.0004115248577249986
-0.0004115248577249986
-0.0004115248577249986
-0.0004115248577249986
-0.0004115248577249986
-0.0004115248577249986
-0.0004115248577249986
-0.0004115248577249986
-0.0004115248577249986
-0.0004115248577249986
-0.0004115248577249986
-0.0004115248577249986
-0.0004115248577249986
-0.0004115248577249986
-0.0004115248577249986
-0.0004115248577249986
-0.0004115248577249986
-0.0004115248577249986
-0.0004115248577249986
-0.0004115248577249986
-0.0004115248577249986
-0.0004115248577249986
-0.0004115248577249986
-0.0004115248577249986
-0.0004115248577249986
-0.0004115248577249986
-0.0004115248577249986
-0.0004115248577249986
-0.0004115248577249986
-0.0004115248577249986
-0.0004115248577249986
-0.0004115248577249986
-0.0004115248577249986
-0.0004115248577249986
-0.0004115248577249986
-0.0004115248577249986
-0.0004115248577249986
-0.0004115248577249986
-0.0004115248577249986
-0.0004115248577249986
-0.0004115248577249986
-0.0004115248577249986
-0.0004115248577249986
-0.0004115248577249986
-0.0004115248577249986
-0.0004115248577249986
-0.0004115248577249986
-0.0004115248577249986
-0.0004115248577249986
-0.0004115248577249986
-0.0004115248577249986
-0.0004115248577249986
-0.0004115248577249986
-0.0004115248577249986
-0.0004115248577249986
-0.0004115248577249986
-0.0004115248577249986
-0.0004115248577249986
-0.0004115248577249986
-0.0004115248577249986
-0.0004115248577249986
-0.0004111563395383655
-0.00040499961205853197
-0.0003910087380489813
-0.0003691584620071353
-0.00036442433662386975
-0.0003502695929995525
-0.0003264336571930926
-0.0002918415417951792
-0.0002522425619417845
-0.00022193598654496327
-0.0001874974774978
-0.0001472053243389837
-0.00011940323491899107
-8.526655848584141e-05
-4.5858357182737564e-05
-1.748807420653975e-05
1.598185173179445e-05
5.477123063712952e-05
8.227293952245418e-05
0.00011862964318254399
0.000157376634689399
0.00018458402851706524
0.0002202594413489578
0.00025230107453921846
0.00027429817187396566
0.0003036482757323711
0.0003252096724537523
0.0003338327027933019
0.00035406782478730747
0.000375187506890029
0.0003886036721212349
0.0004087555571317125
0.00042925324061116044
0.0004564996657023812
0.00048744624753283006
0.0005069219904640931
0.0005175838645214981
0.0005206733996345747
0.000517834980470866
0.0005183817265503876
0.0005176365344397027
0.0005175962695318503
0.0005172259008929814
0.0005167938841168507
0.0005162780135066214
0.0005160237791415057
0.0005157650899576538
0.0005157811273761581
0.0005157386693213084
0.0005156770554464174
0.0005156985757679422
0.0005157033047282766
0.0005157093359002829
0.0005163370572915937
0.0005238253025368067
0.0005285140570663316
0.0005354066900480348
0.0005404462119287246
0.0005450191405742544
0.000544936726043943
0.0005465823786181545
0.0005464037394773413
0.0005462114616818781
0.0005420810700798029
0.0005369250369540168
0.0005253871355535011
0.0005129110788573144
0.0004981836825521668
0.0004759400097782418
0.0004562719890373046
0.00043351405624036943
0.00040233369804809627
0.0003788933178867637
0.0003523315333353594
0.00031433862649521416
0.00028436441652957
0.0002563142181628564
0.00021740853151186457
0.0001913780895677064
0.0001732930794986487
0.00014368133940934058
0.00010988885084373123
8.922858280868695e-05
8.922469336880567e-05
8.928637579685983e-05
8.92923298607684e-05
8.929316085470873e-05
8.929330650175871e-05
8.92933150709041e-05
8.92933150709041e-05
8.92933150709041e-05
8.92933150709041e-05
8.92933150709041e-05
8.92933150709041e-05
8.92933150709041e-05
8.92933150709041e-05
8.92933150709041e-05
8.92933150709041e-05
8.92933150709041e-05
8.92933150709041e-05
8.92933150709041e-05
8.92933150709041e-05
8.92933150709041e-05
8.92933150709041e-05
8.92933150709041e-05
8.92933150709041e-05
8.92933150709041e-05
8.92933150709041e-05
8.92933150709041e-05
8.92933150709041e-05
8.92933150709041e-05
8.92933150709041e-05
8.92933150709041e-05
8.92933150709041e-05
8.92933150709041e-05
8.92933150709041e-05
8.92933150709041e-05
8.92933150709041e-05
8.92933150709041e-05
8.92933150709041e-05
8.92933150709041e-05
8.92933150709041e-05
8.92933150709041e-05
8.92933150709041e-05
8.92933150709041e-05
8.92933150709041e-05
8.92933150709041e-05
8.92933150709041e-05
8.92933150709041e-05
8.92933150709041e-05
8.92933150709041e-05
8.92933150709041e-05
8.92933150709041e-05
8.92933150709041e-05
8.92933150709041e-05
8.92933150709041e-05
8.92933150709041e-05
8.92933150709041e-05
8.92933150709041e-05
8.92933150709041e-05
8.92933150709041e-05
8.92933150709041e-05
8.92933150709041e-05
8.92933150709041e-05
8.92933150709041e-05
8.92933150709041e-05
8.92933150709041e-05
8.92933150709041e-05
8.92933150709041e-05
8.92933150709041e-05
8.92933150709041e-05
8.823181208583719e-05
8.071386508845535e-05
6.323343691860828e-05
3.829726672677225e-05
1.8373204014210387e-05
8.303594682956827e-06
-9.30218908479219e-06
-3.613054337847643e-05
-7.720217378448524e-05
-0.00011532063862773612
-0.00014261966509820923
-0.0001678983868771411
-0.00020643886220739205
-0.0002442082388398603
-0.0002744528405287383
-0.00031029417905870105
-0.0003506085378859325
-0.00037640059440491314
-0.000405753885189597
-0.0004492310441293057
-0.0004788575194822897
-0.000509418723311228
-0.0005475334529307929
-0.0005794014329865149
-0.0006090410672499047
-0.0006499941474658044
-0.0006792889085005527
-0.0007105706657455357
-0.0007513696770047318
-0.0007829292107146557
-0.0008200333767689472
-0.00085434517984595
-0.0008886846029554363
-0.0009267996067023887
-0.0009574179352966894
-0.0009931840041303985
-0.0010236277714881226
-0.001049752536118831
-0.001080904623208312
-0.0011060385626393554
-0.0011321719627943594
-0.001152586374999487
-0.0011701136389632438
-0.0011860185183110161
-0.0011935692683948673
-0.001200832852546796
-0.001204615492426342
-0.0012042832298106987
-0.0012047855988157607
-0.0012048049259760774
-0.0012048663342483223
-0.0012046607261879672
-0.0012045413364489832
-0.0012044056351356858
-0.0012041996158558277
-0.0012039927741511747
-0.001203842131999977
-0.0012036362498122344
-0.001203446816248288
-0.0012032490213158553
-0.0012026620788532227
-0.0012021950744554033
-0.0012017701511268797
-0.0012013956703356143
-0.001201085339246788
-0.0012008702732373422
-0.001200627792798059
-0.0012004469947868301
-0.0012002856609854007
-0.001200201498761544
-0.0011999797162189907
-0.0011998473046332947
-0.001199831815497987
-0.0011997739710949418
-0.0011996455345979484
-0.0011995748054260957
-0.0011994780325750298
-0.001199342057120134
-0.001199183190635722
-0.001198966753889863
-0.001198705768729269
-0.0011985231887763348
-0.001198316621227491
-0.0011980587887308047
-0.0011978124702949344
-0.0011974177028264421
-0.0011932471491036267
-0.0011892225771248377
-0.001180527960912059
-0.0011668250067202734
-0.0011520350712856953
-0.0011358942909680536
-0.0011116264411725751
-0.0010895037002001118
-0.0010675688849772769
-0.0010296771715871955
-0.0009969168868479983
-0.0009734110205101842
-0.0009389317153960519
-0.0009020681793145968
-0.0008770049005164537
-0.0008519875408694588
-0.0008164518901025986
-0.0007787243204546712
-0.0007523789383867552
-0.0007161351049660425
-0.0006761219962214682
-0.0006502850143448313
-0.0006166809141632257
-0.0005759097970496896
-0.0005499116869884801
-0.0005278657406080356
-0.0004949272622383205
-0.00046796077249666723
-0.00045116975671533055
-0.0004377177471468485
-0.00043762282476222936
-0.0004376648030870456
-0.0004376685725446805
-0.0004376692921823633
-0.0004376692921823633
-0.0004376692921823633
-0.0004376692921823633
-0.0004376692921823633
-0.0004376692921823633
-0.0004376692921823633
-0.0004376692921823633
-0.0004376692921823633
-0.0004376692921823633
-0.0004376692921823633
-0.0004376692921823633
-0.0004376692921823633
-0.0004376692921823633
-0.0004376692921823633
-0.0004376692921823633
-0.0004376692921823633
-0.0004376692921823633
-0.0004376692921823633
-0.0004376692921823633
-0.0004376692921823633
-0.0004376692921823633
-0.0004376692921823633
-0.0004376692921823633
-0.0004376692921823633
-0.0004376692921823633
-0.0004376692921823633
-0.0004376692921823633
-0.0004376692921823633
-0.0004376692921823633
-0.0004376692921823633
-0.00043765133575845994
-0.0004347071655246282
-0.00042339951085068606
-0.00040247546480998153
-0.0003912566670862816
-0.0003867111528421674
-0.0003725027455061536
-0.00035030499186916586
-0.0003153334267977925
-0.0002838853840358979
-0.00026794089087900375
-0.0002545735918175751
-0.000249695112430004
-0.0002552013474570458
-0.000253148505265699
-0.00025165753848455097
-0.00025225813674012443
-0.00025152007235362817
-0.0002516239386949337
-0.0002516691382083991
-0.0002510032079925395
-0.00025099022042240904
-0.00025098842134241295
-0.00025098818146318536
-0.00025098814720081464
-0.0002509881300767347
-0.0002509881300767347
-0.0002509881300767347
-0.0002509881300767347
-0.0002509881300767347
-0.0002509881300767347
-0.0002509881300767347
-0.0002509881300767347
-0.0002509881300767347
-0.0002509881300767347
-0.0002509881300767347
-0.0002509881300767347
-0.0002509881300767347
-0.0002509881300767347
-0.0002509881300767347
-0.0002509881300767347
-0.0002509881300767347
-0.0002509881300767347
-0.0002509881300767347
-0.0002509881300767347
-0.0002509881300767347
-0.0002509881300767347
-0.0002509881300767347
-0.0002509881300767347
-0.0002509881300767347
-0.0002509881300767347
-0.0002509881300767347
-0.0002509881300767347
-0.0002509881300767347
-0.0002509881300767347
-0.0002509881300767347
-0.0002509881300767347
-0.0002509881300767347
-0.0002509881300767347
-0.0002509881300767347
-0.0002509881300767347
-0.0002509881300767347
-0.0002509881300767347
-0.0002509881300767347
-0.0002509881300767347
-0.0002509881300767347
-0.0002509881300767347
-0.0002509881300767347
-0.0002509881300767347
-0.0002509881300767347
-0.0002509881300767347
-0.0002509881300767347
-0.0002509881300767347
-0.0002509881300767347
-0.0002509881300767347
-0.0002509881300767347
-0.0002509881300767347
-0.0002509881300767347
-0.0002509881300767347
-0.0002509881300767347
-0.0002509881300767347
-0.0002509881300767347
-0.0002509881300767347
-0.0002509881300767347
-0.0002509881300767347
-0.0002509881300767347
-0.0002509881300767347
-0.0002509881300767347
-0.0002509881300767347
-0.0002509881300767347
-0.0002509881300767347
-0.0002510183030466351
-0.00025123734415899435
-0.0002516359325142048
-0.0002517491540032779
-0.000251759040324373
-0.00025176383785208145
-0.00025179173201195226
-0.000251941860142324
-0.00025196762969414976
-0.00025208460354519957
-0.00025218123933257175
-0.00025226086104623846
-0.00025236261988936803
-0.00025244717620864776
-0.0002525556515848848
-0.0002526502827038257
-0.00025272793399722104
-0.00025283347946469803
-0.00025293283955818424
-0.00025301395193366716
-0.00025310543038870037
-0.000253218377750386
-0.00025330594964145803
-0.00025337995140262137
-0.0002534705217414057
-0.00025356909368667857
-0.0002536483898438746
-0.0002537663574742055
-0.0002538528327846734
-0.00025393502460246964
-0.00025401399521740586
-0.0002541273366603036
-0.00025422085406034967
-0.0002542746719598199
-0.0002543730554123158
-0.00025446148401897517
-0.0002545688456763173
-0.0002546666808456166
-0.00025475082594539344
-0.0002548612546036111
-0.00025486769699512024
-0.0002548823294432623
-0.00025499611633961194
-0.0002550853331086955
-0.0002551527040139945
-0.0002551540233355354
-0.00025515386913355087
-0.0002551538862576308
-0.0002551538862576308
-0.0002551538862576308
-0.0002551538862576308
-0.0002551538862576308
-0.0002551538862576308
-0.0002551538862576308
-0.0002551538862576308
-0.0002551538862576308
-0.0002551538862576308
-0.0002551538862576308
-0.0002551538862576308
-0.0002551538862576308
-0.0002551538862576308
-0.0002551538862576308
-0.0002551538862576308
-0.0002551538862576308
-0.0002551538862576308
-0.0002551538862576308
-0.0002551538862576308
-0.0002551538862576308
-0.0002551538862576308
-0.0002551538862576308
-0.0002551538862576308
-0.0002551538862576308
-0.0002551538862576308
-0.0002551538862576308
-0.0002551538862576308
-0.0002551538862576308
-0.0002551538862576308
-0.0002551538862576308
-0.0002551538862576308
-0.0002551538862576308
-0.0002551538862576308
-0.0002551538862576308
-0.0002551538862576308
-0.0002551538862576308
-0.0002551538862576308
-0.0002551538862576308
-0.0002551538862576308
-0.0002551538862576308
-0.0002551538862576308
-0.0002551538862576308
-0.0002551539205342124
-0.0002551614937544855
-0.000255196292911819
-0.0002552538631874768
-0.00025527687415660694
-0.00025529220907571926
-0.0002561491320420828
-0.0002586102946935398
-0.00026216750244145715
-0.00028118184376069166
-0.00030497773740023604
-0.00034185827043131667
-0.0003756293928773857
-0.0004004862411761678
-0.00043875332634968345
-0.000472395909511647
-0.0004977568745090366
-0.0005327878945706743
-0.0005712683323650936
-0.0005995104487226399
-0.0006339545948463865
-0.000674396122235521
-0.0007066129163746382
-0.0007407829869521265
-0.0007782782195135951
-0.0008115543063240693
-0.0008499620959554477
-0.0008820322229894373
-0.0009184931785028994
-0.0009520907677682544
-0.0009852175145681485
-0.0010183225354722936
-0.0010460181456011242
-0.001076478087469468
-0.001101348780039757
-0.001123683023180888
-0.00114190983424578
-0.0011555468567934213
-0.0011669076611440232
-0.0011712821780491822
-0.0011731303202964227
-0.0011727583068079639
-0.0011733303083758528
-0.0011732520402603086
-0.00117325532998791
-0.001173172538457834
-0.0011730094227573318
-0.001172829721312496
-0.0011726786679275847
-0.0011724795022871604
-0.0011722710157044958
-0.001172105432701187
-0.0011718504787125994
-0.0011714259666177895
-0.0011709828127237643
-0.0011704169793631536
-0.0011700400312690817
-0.0011698109839102244
-0.0011695291638034178
-0.0011693012130109537
-0.0011691290505382312
-0.001168964838242914
-0.001168769099379574
-0.0011686179089025472
-0.0011684966001581643
-0.001168464388257462
-0.001168465210668046
-0.001168465210668046
-0.001168465210668046
-0.001168465210668046
-0.001168465210668046
-0.001168465210668046
-0.001168465210668046
-0.001168465210668046
-0.001168465210668046
-0.001168465210668046
-0.001168465210668046
-0.001168465210668046
-0.001168465210668046
-0.001168465210668046
-0.001168465210668046
-0.001168465210668046
-0.001168465210668046
-0.001168465210668046
-0.001168465210668046
-0.001168465210668046
-0.001168465210668046
-0.001168465210668046
-0.001168465210668046
-0.001168465210668046
-0.001168465210668046
-0.0011684634287405515
-0.0011684161388814118
-0.0011682989422894252
-0.0011681598141848326
-0.0011662780893004765
-0.00116380010105388
-0.0011526327053417162
-0.001126496906422858
-0.0011002765340606402
-0.0010731266076930979
-0.0010299788671233046
-0.000996672076212235
-0.0009700589924364067
-0.000935545762018819
-0.0008919029857850092
-0.0008589389434661143
-0.0008344166194689251
-0.0008058529321317565
-0.0007619224417112491
-0.0007262060614721122
-0.0007037713445470217
-0.0006766468450365437
-0.0006452761280542063
-0.0006298335926544496
-0.0006257796872688459
-0.000630240559544859
-0.0006313661950940741
-0.0006236441049765062
-0.000624636369423115
-0.0006287215272635649
-0.0006248811800873
-0.0006238989218587676
-0.0006286212590538298
-0.0006259188839123908
-0.0006221562565542627
-0.0006289204187623909
-0.0006297052247106194
-0.0006282465041209662
-0.0006263624489974973
-0.000626725552834273
-0.0006273431994117118
-0.000627314482827046
-0.0006271822083050438
-0.0006269314350220156
-0.0006268345936319974
-0.0006268912043907449
-0.0006268970984848465
-0.0006269158773477557
-0.0006269168368504552
-0.0006269168368504552
-0.0006269167683115029
-0.0006269167683115029
-0.0006269167683115029
-0.0006269167683115029
-0.0006269167683115029
-0.0006269196468338123
-0.0006269353415859769
-0.0006269620021015498
-0.0006269834538557006
-0.0006270149118847712
-0.0006270866691124866
-0.0006271273795022125
-0.0006271569870506255
-0.000627208526154277
-0.0006272518408962924
-0.0006272789126455791
-0.0006273190061989453
-0.0006274068693841173
-0.0006274174924669751
-0.0006274828758137119
-0.0006274909630690217
-0.0006275729321458812
-0.0006284574579780156
-0.0006342883652479259
-0.0006400792474750006
-0.0006636317868498054
-0.0006918865138345609
-0.0007202521320550659
-0.0007576928099410907
-0.0007937110227942412
-0.0008233437349218775
-0.0008604080129970271
-0.000891811490205896
-0.0009230860511593164
-0.0009636384698126221
-0.0009901657464723712
-0.001019405815753771
-0.0010532388262447512
-0.0010771446002451057
-0.0011044020596102655
-0.0011311310377664086
-0.0011482165870688732
-0.0011680738700192705
-0.0011828642166733516
-0.0011916076305169554
-0.0012013201436360532
-0.0012037398762601015
-0.0012036628417746442
-0.0012055383984233004
-0.0012044552552197274
-0.0012048725024840223
-0.0012046694987901674
-0.0012045457227571887
-0.0012044196164850973
-0.0012042419711235652
-0.0012040369113748284
-0.0012038980573976232
-0.001203689844956557
-0.001203484374002528
-0.0012032717752532562
-0.0012029140172558073
-0.0012022226259347235
-0.0012018400578597266
-0.0012015659138029378
-0.001201185127683857
-0.0012009519681583924
-0.001200771307225068
-0.0012005983223275507
-0.0012003609135575743
-0.0012001077414964811
-0.0012000784080896665
-0.0012000766261479612
-0.0012000741588593655
-0.0012000764890700566
-0.0012000679906236655
-0.0012000139842172075
-0.0011998828062900202
-0.0011998401768806843
-0.0011998220833788764
-0.0011997547810125297
-0.0011996086622332314
-0.0011995460203166886
-0.0011995246370730683
-0.00119942841251941
-0.0011992794151893804
-0.0011990559877830265
-0.0011988444856427805
-0.0011986950771216698
-0.0011984704160425963
-0.0011982169698683265
-0.0011980589258087093
-0.0011979806576789542
-0.0011978431744239515
-0.0011974621141774833
-0.001193760483886308
-0.0011897642857832125
-0.00118022434635634
-0.001154309096349948
-0.001127068770955475
-0.001113839263567229
-0.0010933621409066063
-0.0010690156117618699
-0.0010492768961540833
-0.0010491334502802374
-0.0010448941549299207
-0.001032371390962794
-0.0010187358076478858
-0.0010101113037990217
-0.0009947781519059617
-0.0009846311889560866
-0.0009756959427704714
-0.0009751917233131735
-0.0009752292125000395
-0.000975232365178158
-0.0009752329819860961
-0.0009752329819860961
-0.0009752329819860961
-0.0009752329819860961
-0.0009752329819860961
-0.0009752329819860961
-0.0009752329819860961
-0.0009752329819860961
-0.0009752329819860961
-0.0009752329819860961
-0.0009752329819860961
-0.0009752329819860961
-0.0009752329819860961
-0.0009752329819860961
-0.0009752329819860961
-0.0009752329819860961
-0.0009752329819860961
-0.0009752329819860961
-0.0009752329819860961
-0.0009752329819860961
-0.0009752329819860961
-0.0009752329819860961
-0.0009752329819860961
-0.0009752329819860961
-0.0009752329819860961
-0.0009752329819860961
-0.0009752329819860961
-0.0009752329819860961
-0.0009752329819860961
-0.0009752329819860961
-0.0009752329819860961
-0.0009752329819860961
-0.0009752329819860961
-0.0009752329819860961
