-0.0006522724903075073
-0.00065352875550205
-0.00066383883417148
-0.000675753135394574
-0.000676579885369575
-0.0006543056797925757
-0.0006250749999378196
-0.0006050580280859849
-0.0005766618427761689
-0.0005563108606447049
-0.000538724484373441
-0.0005216451375571267
-0.000516172605122918
-0.0005018213687376659
-0.0004779155604681472
-0.00043905162938142467
-0.00040061512316572046
-0.0003738117834307199
-0.0003423416206792437
-0.00030482860302676187
-0.00026960708710802457
-0.00024430508023092667
-0.0002166242224662138
-0.00017395803308548462
-0.00014244731414585394
-0.00011648032799525901
-7.525941757739773e-05
-4.24080870236057e-05
-1.5783237565670435e-05
2.2936511945827024e-05
5.9284772837177904e-05
8.294352161533805e-05
0.0001152029194394224
0.00015551735536032128
0.00019130293983428965
0.00022132872315812322
0.0002633341396634086
0.00029615862551597927
0.00032443703168030585
0.0003606129459060047
0.0004007148430706882
0.00043155882650138216
0.00046661198369396593
0.0005056537657452186
0.0005335528250545647
0.0005630494589239102
0.000600990004251436
0.0006367393503063311
0.0006658412509848436
0.0007045410040424594
0.0007381879392349543
0.0007607489680437682
0.0007917494534696469
0.0008223875889728008
0.000842540947498784
0.0008661947145651968
0.0008910777436353913
0.0009079295166067258
0.0009228228728877135
0.0009381268284475066
0.0009536918376966623
0.0009627751901949453
0.0009670485479369056
0.0009747438404796473
0.0009781596070388844
0.0009787485370343402
0.0009812709366098969
0.000980308896537022
0.0009810216025794686
0.0009843998114013022
0.0009811625811667669
0.0009828583678393567
0.0009843075619222048
0.0009812827248048483
0.000983414948834713
0.0009831774029992364
0.0009834560019089918
0.0009842342283838436
0.0009842350508160495
0.0009842338857037579
0.0009842337486317234
0.0009842336800957063
0.0009842336800957063
0.0009842336800957063
0.0009842336800957063
0.0009842336800957063
0.0009842336800957063
0.0009842336800957063
0.0009842336800957063
0.0009842336800957063
0.0009842336800957063
0.0009842336800957063
0.0009842336800957063
0.0009842336800957063
0.0009842336800957063
0.0009842336800957063
0.0009842336800957063
0.0009842336800957063
0.0009842336800957063
0.0009842336800957063
0.0009842336800957063
0.0009842336800957063
0.0009842336800957063
0.0009842336800957063
0.0009842336800957063
0.0009842336800957063
0.0009842336800957063
0.0009842336800957063
0.0009842336800957063
0.0009842336800957063
0.0009842336800957063
0.0009842336800957063
0.0009842336800957063
0.0009842336800957063
0.0009842336800957063
0.0009842336800957063
0.0009842336800957063
0.0009842336800957063
0.0009842336800957063
0.0009842336800957063
