-0.0011508621458773405
-0.0011922559812234113
-0.0012270862592913545
-0.001243296123931259
-0.0012664148302832245
-0.0012880442490086352
-0.0012878342546542854
-0.0012783968450946759
-0.001271467305485885
-0.0012671880536458957
-0.0012654874009143668
-0.0012646766198258774
-0.0012642116714829399
-0.001263293562999479
-0.001263282460158166
-0.0012614389783749402
-0.0012623658594748122
-0.0012619010482097792
-0.0012621077528223168
-0.0012622538716300369
-0.0012623226817964905
-0.0012625737977600693
-0.0012626639911559323
-0.0012629751446837645
-0.0012631436061951717
-0.0012633227593568108
-0.0012635533145157751
-0.0012637531655315115
-0.0012639275211512313
-0.0012642712978276904
-0.0012647875110900486
-0.0012652199733622638
-0.001265661619470393
-0.0012659910035637267
-0.0012662902318112401
-0.0012664941950077946
-0.0012667407875852632
-0.0012669459844261155
-0.0012671073182133341
-0.0012673027829350758
-0.001267520316247328
-0.001267698784047866
-0.001267903706732909
-0.0012681335765307722
-0.0012682163680466374
-0.0012684615899019036
-0.0012662644622736252
-0.0012628240912846422
-0.0012562065276142675
-0.001245944355630968
-0.0012320449772005304
-0.001220187972108988
-0.0012021734170701848
-0.0011783231572195518
-0.0011585080239484569
-0.0011353910309850335
-0.0011016628120756877
-0.0010760374008640383
-0.0010527511239502019
-0.0010182691459164062
-0.0009804650215414767
-0.0009530000350963519
-0.0009306596237337317
-0.0008962149293125776
-0.000856356300729999
-0.0008248388481462143
-0.0008012408693787165
-0.0007686630275429707
-0.000726358485579226
-0.000690442117260659
-0.000661816541907001
-0.000631386001998635
-0.0005890616531445403
-0.0005556664507224696
-0.0005335141364781748
-0.0005061192966451245
-0.00046816226840462605
-0.000444074154316354
-0.00044375422820053245
-0.0004438447642769461
-0.00044385278299330366
-0.0004438538452973262
-0.00044385405091418306
-0.00044385405091418306
-0.0004438541194389245
-0.0004438541194389245
-0.0004438541194389245
-0.0004438541194389245
-0.0004438541194389245
-0.0004438541194389245
-0.0004438541194389245
-0.0004438541194389245
-0.0004438541194389245
-0.0004438541194389245
-0.0004438541194389245
-0.0004438541194389245
-0.0004438541194389245
-0.0004438541194389245
-0.0004438541194389245
-0.0004438541194389245
-0.0004438541194389245
-0.0004438541194389245
-0.0004438541194389245
-0.0004438541194389245
-0.0004438541194389245
-0.0004438541194389245
-0.0004438541194389245
-0.0004438541194389245
-0.0004438541194389245
-0.0004438541194389245
-0.0004438541194389245
-0.0004438541194389245
-0.0004438541194389245
-0.0004438541194389245
-0.0004438541194389245
-0.0004438541194389245
-0.0004438541194389245
-0.0004438541194389245
-0.0004438541194389245
-0.0004438541194389245
