0.0707390159368515
-72143.390625
-364.07879638671875
-1032.384765625
525.4135131835938
1231.4464111328125
578.5330200195312
-297.3517761230469
636.75146484375
-858.2504272460938
84.154052734375
-870.9799194335938
-612.518310546875
626.3115844726562
341.869140625
703.0487670898438
251.61849975585938
-1037.5086669921875
523.6268920898438
377.1687316894531
-398.0285949707031
-417.2296447753906
318.7433166503906
568.3380126953125
-509.9424133300781
-58.096282958984375
566.4892578125
-448.1762390136719
-282.0570068359375
640.6577758789062
-390.243896484375
-537.6318969726562
490.9400329589844
355.1108093261719
-440.548828125
-65.71066284179688
680.5966796875
-394.3504333496094
-295.1368408203125
385.8215637207031
245.7744598388672
-468.9990539550781
232.46023559570312
123.44428253173828
-557.4418334960938
154.96728515625
363.1623229980469
-50.727596282958984
-92.94122314453125
310.6966857910156
-405.3409423828125
-379.7463073730469
1004.7100830078125
-334.05975341796875
-699.635009765625
358.6292724609375
-131.26364135742188
-107.017822265625
35.86989212036133
465.4360656738281
-244.34689331054688
-440.0731506347656
-4.691806793212891
437.8537292480469
77.04503631591797
-295.34051513671875
-227.556640625
303.4184265136719
264.6263427734375
-135.42446899414062
-376.73095703125
436.0908203125
287.0047302246094
-445.41357421875
-418.39697265625
346.07220458984375
317.5192565917969
-612.1676635742188
-701.6752319335938
9.00022029876709
1.5952831506729126
0.1685493290424347
0.027502842247486115
0.00737742567434907
-0.0012497490970417857
0.00010017026215791702
0.0011996639659628272
-0.001299834344536066
-0.002449413063004613
0.0011996639659628272
-0.001299834344536066
0.0011495789512991905
0.0024994981940835714
0.002449413063004613
0.0011495789512991905
0.00015025539323687553
-5.008513107895851e-05
-0.0023993279319256544
-0.0011495789512991905
0.0023993279319256544
0.004848740994930267
-0.0035989920143038034
-0.001299834344536066
-0.0011495789512991905
-0.0023993279319256544
-0.0011495789512991905
0.0011495789512991905
0.0011495789512991905
5.008513107895851e-05
-0.0012497490970417857
0.0011996639659628272
-0.0012497490970417857
0.0011996639659628272
0.002449413063004613
0.0011996639659628272
-0.002449413063004613
0.0
-0.001299834344536066
-0.0011495789512991905
0.0011996639659628272
