-0.5413938760757446
-33196.2890625
588.3275756835938
524.86669921875
-579.7626953125
-1263.0921630859375
-1979.555419921875
-1017.5010375976562
117.96564483642578
25.087936401367188
201.42697143554688
51.407615661621094
-23.761613845825195
11.774641036987305
43.06797790527344
-33.976524353027344
116.73265075683594
-52.90897750854492
19.306135177612305
0.08903121948242188
1.1534291505813599
7.25098991394043
-4.364267826080322
4.289022445678711
-3.161109447479248
2.242997884750366
-1.5013571977615356
0.3824259042739868
1.3416498899459839
2.5256221294403076
13.395296096801758
3.3935811519622803
-2.007777214050293
-8.117568969726562
-0.682850182056427
-2.1073505878448486
-1.3941497802734375
0.08997824788093567
-0.7356131672859192
-0.35150274634361267
0.02589813433587551
0.45040568709373474
0.22339822351932526
0.15514163672924042
-4.678636074066162
4.4193925857543945
-94.7317886352539
-97.00413513183594
-240.69630432128906
-88.85762023925781
-280.2633056640625
-151.15135192871094
-57.26557159423828
-349.197998046875
-181.58047485351562
-11.129707336425781
-181.48788452148438
-63.974151611328125
-24.510597229003906
-139.32550048828125
-48.362098693847656
-101.17915344238281
-69.57804107666016
3.925445556640625
-137.10296630859375
-77.37384033203125
49.377593994140625
-63.18798828125
19.157745361328125
61.394500732421875
-156.11505126953125
82.0330810546875
-21.273223876953125
-100.81793212890625
122.95309448242188
-45.13958740234375
5.902496337890625
23.5794677734375
-6.66815185546875
-0.09289264678955078
-0.011978387832641602
-0.0033807605504989624
0.0019485615193843842
-0.005149252712726593
2.5042565539479256e-05
0.004998996388167143
-0.0025245407596230507
-0.002474455628544092
0.0025495830923318863
-0.0025245407596230507
-0.002474455628544092
-0.005024039186537266
-5.008513107895851e-05
-0.0025495830923318863
-0.005024039186537266
0.007498494815081358
-0.0024994981940835714
0.005049081519246101
0.005024039186537266
-0.005049081519246101
-0.007598664611577988
0.007573622278869152
-0.002474455628544092
0.005024039186537266
0.005049081519246101
0.005024039186537266
-0.005024039186537266
-0.005024039186537266
0.0024994981940835714
2.5042565539479256e-05
-0.0025245407596230507
2.5042565539479256e-05
-0.0025245407596230507
-0.0025495830923318863
-0.0025245407596230507
0.0025495830923318863
0.0
-0.002474455628544092
0.005024039186537266
-0.0025245407596230507
