0.000893487538534754
0.0008820061107960425
0.000864376865246045
0.0008454272047894429
0.0008252216218183839
0.0007979952092494547
0.0007759013219336034
0.0007477883959827096
0.0007135425245362535
0.0006876224084543938
0.0006530444114687804
0.0006153856519758078
0.0005883286604412982
0.00055377780371848
0.0005168130399352696
0.000488329436935566
0.0004564717372750585
0.0004161508675355487
0.0003864910151413366
0.0003538270235069504
0.00031384616094857137
0.00028076689245220844
0.00025519702968604494
0.0002154326210038615
0.00017884376014076938
0.00015176050217768314
0.00011479058962618356
7.430192658266184e-05
4.499932246139733e-05
2.2994966743212894e-05
-9.505022485610553e-06
-5.31402404712144e-05
-8.24051969015527e-05
-0.00010570547232545856
-0.00013528642262991517
-0.00016847695078313525
-0.00017344702854153968
-0.00017911050231955608
-0.00019567745673757797
-0.0002058304337216729
-0.0002056457291554267
-0.00020562427738205562
-0.00020562172441541642
-0.0002056213988693349
-0.00020562136460132633
-0.00020562133033331774
-0.00020562133033331774
-0.00020562133033331774
-0.00020562133033331774
-0.00020562133033331774
-0.00020562133033331774
-0.00020562133033331774
-0.00020562133033331774
-0.00020562133033331774
-0.00020562133033331774
-0.00020562133033331774
-0.00020562133033331774
-0.00020562133033331774
-0.00020562133033331774
-0.00020562133033331774
-0.00020562133033331774
-0.00020562133033331774
-0.00020562133033331774
-0.00020562133033331774
-0.00020562133033331774
-0.00020562133033331774
-0.0002058885351302203
-0.00021096170819243762
-0.00022526606594195224
-0.00024839719447550723
-0.00025195712654684036
-0.00025659040118291627
-0.00026970368862421157
-0.0002929909936068699
-0.00032942412350497023
-0.0003674175786377436
-0.00040046043737499034
-0.0004049246679247411
-0.000407167269210242
-0.000417518949242088
-0.0004376283076450544
-0.0004690088938221025
-0.0005119265247157874
-0.0005457851333972811
-0.0005741414992811271
-0.000608855471724786
-0.0006489989359838771
-0.0006791569766868253
-0.000699365438170605
-0.0007292233596544094
-0.0007646204305811021
-0.0007883754253448603
-0.000810523044898165
-0.000837317612022969
-0.0008593570817411952
-0.0008722569308910501
-0.0008850891349919678
-0.0009030095900788783
-0.0009171888010610587
-0.0009269022051650937
-0.0009372603275825528
-0.0009483659038031588
-0.0009538944301633872
-0.0009597091629312757
-0.0009623023602125585
-0.0009644222477593345
-0.0009648230463876861
-0.0009656736468966589
-0.0009650481872040567
-0.000965048324276091
-0.0009648760247289508
-0.000964494895937524
-0.0009643022411932872
-0.0009642311693434923
-0.0009640297419890591
-0.0009637550496322819
-0.0009636505322061129
-0.0009636524512145933
-0.000963652725358662
-0.000963652725358662
