0.09162338823080063
-23880.6953125
1537.14111328125
-787.6748657226562
510.58575439453125
159.93841552734375
-1066.408203125
742.7991943359375
165.639404296875
-934.9476318359375
495.70562744140625
-259.2894287109375
-721.5716552734375
626.62060546875
-61.2523193359375
-549.353271484375
473.75836181640625
276.735107421875
-666.1134643554688
459.3283386230469
257.4278869628906
-785.6961059570312
89.37572479248047
559.5827026367188
-447.795654296875
-385.041748046875
481.3884582519531
88.25987243652344
-348.5509948730469
-395.1366882324219
524.7438354492188
159.3683624267578
-352.1331787109375
-267.1981201171875
397.87017822265625
-192.56228637695312
-1059.8258056640625
174.5921173095703
465.922607421875
-559.6075439453125
-237.4506072998047
4.962908744812012
0.47968411445617676
0.046826377511024475
0.013266555964946747
-0.0013773251557722688
0.0005790322320535779
0.0006197633920237422
-0.0013366142520681024
-5.224664164416026e-06
-5.2338396017148625e-06
-5.21773563377792e-06
-0.000670916517265141
-4.595595601131208e-05
3.551012559910305e-05
-0.0007116514025256038
-5.22183427165146e-06
0.0006604724330827594
0.0006197667680680752
-0.0007116340566426516
-0.0007116494234651327
0.0019511475693434477
0.0006604655645787716
0.00128544878680259
-0.0006709126755595207
-0.0006302171386778355
31.38448143005371
253.47097778320312
435.4317932128906
262.7324523925781
-982.2062377929688
199.49391174316406
406.35931396484375
526.100830078125
314.3761291503906
438.0636901855469
-694.3484497070312
-1138.054443359375
47.0496711730957
362.63531494140625
366.037109375
555.7050170898438
204.7658233642578
-165.98428344726562
-504.32305908203125
550.1227416992188
214.02252197265625
-303.93194580078125
-510.9745178222656
676.4349975585938
308.55401611328125
-575.0114135742188
158.05714416503906
370.43695068359375
-406.16064453125
-288.75811767578125
152.74485778808594
313.0166320800781
-27.543350219726562
-487.03277587890625
531.6417236328125
209.07794189453125
-569.24951171875
-5.144783973693848
720.3013305664062
-272.142578125
-280.1841735839844
517.91748046875
-21.433956146240234
-658.2402954101562
-38.46685028076172
366.3697814941406
-537.822998046875
-716.0518798828125
660.7392578125
343.90576171875
-1160.7225341796875
-289.6273498535156
7.926339626312256
0.8897791504859924
