-0.0006270528123053509
-0.000627592122242504
-0.000627844334772476
-0.000627818770851718
-0.0006277293313416976
-0.0006275555239909636
-0.0006275286578869554
-0.0006275832810871407
-0.0006276512688145885
-0.0006277951944468896
-0.0006307717822124914
-0.0006465352032307692
-0.0006678623781226634
-0.0006956966366260531
-0.0007223293902143268
-0.0007625825806201192
-0.000798213839118489
-0.00081841154045037
-0.0008305823719894079
-0.000854538999703891
-0.0008864205841661033
-0.0009253578830481501
-0.0009564395151215876
-0.000987051332785427
-0.0010207340437773382
-0.0010450460992785793
-0.001074850357056789
-0.0011002134809245945
-0.0011182463350962735
-0.0011389462683411011
-0.0011555372617664261
-0.0011626803595987667
-0.0011716016929597117
-0.001173160613205937
-0.0011731581459173412
-0.0011733484018918716
-0.0011734978104129823
-0.0011733266074429594
-0.0011732406632773973
-0.0011730079149572248
-0.0011728697463411208
-0.001172708412568113
-0.0011724999260138702
-0.0011723298195960297
-0.0011721708160479238
-0.0011719505412912667
-0.0011715500168065773
-0.0011710953488801579
-0.0011705720078509785
-0.0011700008286794628
-0.0011698732146072643
-0.0011695373881366322
-0.0011693502847975878
-0.0011691016361368156
-0.0011689763522753083
-0.0011688317412961169
-0.0011686054353674535
-0.0011684608243740513
-0.00116844944739114
-0.00116837008266657
-0.0011682400013199867
-0.0011681844871418434
-0.0011680611223141568
-0.0011677026789413958
-0.001166399946328056
-0.0011608557937705655
-0.0011465601400999503
-0.0011218323451203105
-0.0010951392112872327
-0.001062257343676265
-0.001022020738943752
-0.000991886617313753
-0.000969625365058846
-0.0009371006386089675
-0.0008975743411951953
-0.0008688785849670921
-0.0008448366299091958
-0.0008115891226196936
-0.000770147723258674
-0.0007461648462481207
-0.0007253699906044631
-0.0006991140480607783
-0.0006592917435597201
-0.0006193385352872838
-0.0005977686058429299
-0.0005737207223859286
-0.0005361057231425548
-0.0005086295995937462
-0.000506210655146333
-0.000496603413338903
-0.0004755366410336137
-0.0004479475358749596
-0.00041488151195778755
-0.00041063954371622913
-0.0004107810020599345
-0.00041080039774499255
-0.0004108025566296192
-0.0004108028650335882
-0.0004108028993101698
-0.0004108029335725405
-0.0004108029335725405
-0.0004108029335725405
-0.0004108029335725405
-0.0004108029335725405
-0.0004108029335725405
-0.0004108029335725405
-0.0004108029335725405
-0.0004108029335725405
-0.0004108029335725405
-0.0004108029335725405
-0.0004108029335725405
-0.0004108029335725405
-0.0004108029335725405
-0.0004108029335725405
-0.0004108029335725405
-0.0004108029335725405
-0.0004108029335725405
-0.0004108029335725405
-0.0004108029335725405
-0.0004108029335725405
