0.0006425584008433007
0.0006824418394532868
0.0007011610818201969
0.0007028450802978352
0.0007108439188605786
0.000731065950475756
0.0007569132813073918
0.000763217087093734
0.0007729468713058703
0.0007961093722012802
0.0008255121459951251
0.0008664127961717999
0.0008887693820414255
0.0008896155277092828
0.0008799164476328342
0.0008669365484149366
0.0008702604767111793
0.0008857840902059702
0.0008919327304494623
0.0008905528948159801
0.0008780935951844298
0.0008724014048152233
0.000864109574779121
0.0008500707255600842
0.0008330568649081663
0.0008174301047075496
0.0007946070627051331
0.0007700414924664236
0.0007482823350583817
0.0007160024878001773
0.0006815006343296286
0.0006559786439714513
0.0006207948571301606
0.0005812493010847734
0.0005503005260838417
0.0005127979944419854
0.00047301921033020267
0.0004464407029994955
0.00041384949661533315
0.00037217517760894777
0.0003450921423879173
0.0003124431601412891
0.0002736851857370959
0.00024125452497313085
0.00021252616272214461
0.00017500709676614843
0.00013664657985947034
0.00010924845886654893
7.355251950302583e-05
3.076591662364762e-05
3.1791336449266484e-06
-2.9371135854923435e-05
-6.894698910339652e-05
-0.00010152009769552753
-0.00012007122977934637
-0.00014412533285599504
-0.00017864005396376557
-0.000201020147687277
-0.00020480910999395462
-0.00021740904553271722
-0.00023978973894637882
-0.00024721662731191766
-0.0002526518247507784
-0.00026660229677568736
-0.0002908923864934222
-0.00031741589367035845
-0.0003533915113859072
-0.0003815877428656589
-0.00039607916967401174
-0.00040490602612807357
-0.0003977761214588933
-0.00039046744058895115
-0.00039485134692659037
-0.00041293152520149217
-0.00042924320008959734
-0.00042522359695117205
-0.0004107269271375065
-0.0003942588873262508
-0.00039182585871707086
-0.0004025225147912918
-0.0004080218105402014
-0.0004051080360386527
-0.00039498142828716006
-0.0003959814373135416
-0.0004032902895235266
-0.0004048140165250363
-0.0004016071134780943
-0.00040466690396420235
-0.00040479253048365663
-0.0004049457770180264
-0.00040455128370325345
-0.00040514507975592765
-0.00040589486378365806
-0.0004058409259381531
-0.00040584020630997293
-0.00040584010350594717
-0.0004058401377739558
-0.0004058401377739558
-0.0004058401377739558
-0.0004058401377739558
-0.0004058401377739558
-0.0004058401377739558
-0.0004058401377739558
-0.0004058401377739558
-0.0004058401377739558
-0.0004058401377739558
-0.0004058401377739558
-0.0004058401377739558
-0.0004058401377739558
-0.0004058401377739558
-0.0004058401377739558
-0.0004058401377739558
-0.0004058401377739558
-0.0004058401377739558
-0.0004058401377739558
-0.0004058401377739558
-0.0004058401377739558
-0.0004058401377739558
-0.0004058401377739558
-0.0004058401377739558
