0.056157518178224564
-26629.421875
-465.9814453125
-210.6444091796875
129.61436462402344
257.47332763671875
99.02645874023438
-473.83905029296875
259.03424072265625
311.2244873046875
427.2770080566406
176.0721435546875
-61.25010681152344
38.7801513671875
188.029296875
466.5301513671875
111.25765991210938
-624.5631103515625
69.28557586669922
692.1053466796875
1360.571044921875
28.919586181640625
-810.04833984375
1097.352294921875
-11.63916015625
-701.9228515625
1078.9482421875
-378.4017639160156
-884.0896606445312
999.0114135742188
-633.1495361328125
-519.5615844726562
1278.9542236328125
-367.5723571777344
-493.33831787109375
403.0312805175781
30.05713653564453
-825.8679809570312
817.20458984375
-86.7585678100586
-813.8463745117188
1136.80078125
-422.9526062011719
-398.9993896484375
-189.2602081298828
469.0404357910156
-94.967041015625
-552.7556762695312
529.480224609375
313.16607666015625
-870.97802734375
398.5726013183594
115.94123840332031
-388.8291320800781
-485.9495544433594
290.8817443847656
426.4237976074219
-852.7257080078125
-461.0730895996094
469.20770263671875
335.8288269042969
-851.4888916015625
152.5834197998047
417.7597351074219
289.1371154785156
427.12744140625
423.96185302734375
-62.7578125
-149.48419189453125
138.23126220703125
191.428466796875
-438.6406555175781
91.94876098632812
461.13690185546875
-64.94705200195312
-147.2802734375
88.2144775390625
309.41845703125
13.120513916015625
-435.8026428222656
104.12158203125
304.72332763671875
314.94732666015625
-176.44207763671875
-305.65228271484375
293.214111328125
317.6610107421875
-608.04833984375
-649.5397338867188
285.7228698730469
411.0801086425781
284.6040954589844
-136.61192321777344
-859.17822265625
-82.19625854492188
3.7822446823120117
0.33353349566459656
0.037472356110811234
0.007442228030413389
0.0012626927345991135
-0.0024869157932698727
-0.0012370534241199493
-0.002450832398608327
0.0012085596099495888
-0.001237051677890122
-2.326536923646927e-05
-0.001255105365999043
-0.0012550846440717578
-5.225683707976714e-06
1.281138975173235e-05
-2.3263273760676384e-05
-2.327258698642254e-05
0.0012626837706193328
0.0024945202749222517
-0.0012190015986561775
-0.0012550969840958714
-0.001255095936357975
0.0012626922689378262
-1.4247256331145763e-05
-2.3271306417882442e-05
