0.002079564379528165
-26318.0234375
1.651900053024292
-1.6458452939987183
-1.072603702545166
-0.7695587873458862
1.946547269821167
2.087742328643799
0.26558640599250793
0.1872067004442215
50.21907043457031
256.0560302734375
510.7453308105469
754.8668823242188
298.9310302734375
56.13177490234375
-554.6533813476562
-669.1737670898438
83.28890991210938
439.64129638671875
531.4151611328125
-443.0566711425781
423.5025634765625
301.45751953125
248.3756103515625
338.150390625
235.6656494140625
471.88232421875
370.94921875
247.75732421875
431.5711669921875
360.12542724609375
64.25555419921875
658.5730590820312
93.93084716796875
15.086381912231445
5.402120590209961
21.283021926879883
-3.1498122215270996
6.081633567810059
-0.7568473815917969
-0.30779552459716797
0.7591042518615723
-0.17688941955566406
0.4013882875442505
0.5813198089599609
9.341255187988281
6.145636558532715
0.029039382934570312
-4.0270676612854
-11.26639175415039
3.7491445541381836
-6.441537857055664
3.7129440307617188
-1.1645917892456055
-0.22489142417907715
0.2275705337524414
-0.20861530303955078
-0.6586418151855469
0.301302433013916
-0.2043595314025879
1.1784286499023438
3.2548866271972656
2.5816612243652344
20.02867889404297
133.5745849609375
228.52383422851562
624.5745849609375
533.2269287109375
322.59356689453125
497.4534912109375
61.22711181640625
-307.97113037109375
-244.62722778320312
97.98194885253906
542.787353515625
289.06396484375
-23.696380615234375
-435.95806884765625
-339.6206359863281
54.66815185546875
182.15757751464844
123.58457946777344
-309.29278564453125
-224.67337036132812
135.60646057128906
128.97994995117188
-182.28311157226562
14.45281982421875
5.982421875
17.819244384765625
-15.629608154296875
4.1204376220703125
6.91241455078125
-1.8905487060546875
0.03585386276245117
0.002314627170562744
-0.0007093921303749084
0.00260742986574769
-0.0012322491966187954
-0.001286385813727975
-0.001268340740352869
-0.0037861254531890154
0.0025173602625727654
-0.001268340740352869
0.001249444903805852
-1.8471619114279747e-05
-1.8469872884452343e-05
-4.2527290133875795e-07
-0.0012502956669777632
0.0012494450202211738
0.0012494443217292428
-0.0012322497786954045
3.566639497876167e-05
-0.0025182098615914583
-1.8470920622348785e-05
-1.847080420702696e-05
-0.0012322491966187954
0.0006245097029022872
0.0012494444381445646
