-0.0008974588580490901
-0.0008885249140682158
-0.0008716316768064994
-0.0008467010152043786
-0.0008263883789745157
-0.0007999618502618608
-0.0007686013451378406
-0.000742604537252779
-0.0007272820084323353
-0.0007274950869096858
-0.0007250112731117904
-0.0007154944303049703
-0.0006955259819532847
-0.0006659997062565176
-0.0006324300111553619
-0.0006222173907023335
-0.0006168076372598435
-0.0006028707010983236
-0.0005793478378246864
-0.0005520483658614646
-0.0005464746057299106
-0.0005407653498924313
-0.0005237399066536134
-0.0005026733056989733
-0.0004981304986055486
-0.0004848205299290084
-0.000459947849797405
-0.00042717543418387165
-0.00038371935007136917
-0.00035501461561229884
-0.0003228280801414577
-0.00028089961244943875
-0.00024587479489995064
-0.0002194477007651542
-0.0001827097569307348
-0.00014162256028235268
-0.00011402696988998901
-8.834146972887234e-05
-5.353821198885822e-05
-1.3182913609478232e-05
1.4843176136798545e-05
4.640723216090872e-05
8.5176202312355e-05
0.000117319363051336
0.00014664367167253488
0.00018787876047894614
0.0002189844829591741
0.00024760750535178543
0.0002883661146328961
0.00032274782446536335
0.000349843333241517
0.000386442114693093
0.0004241989149586129
0.00044983162525251213
0.00048613810059090073
0.0005231040294864029
0.0005497007673976746
0.0005881371022733359
0.0006250582771496326
0.0006495183019219156
0.0006855048511322014
0.0007213644716387069
0.0007448225683761279
0.000773680138153465
0.0008062300858552971
0.0008249157455737988
0.0008484140044172756
0.0008721670116365361
0.000886894716364048
0.0009025088659375074
0.0009185900199318948
0.0009288272448150837
0.0009363246738762845
0.0009436568626001125
0.0009470497381296182
0.0009476921947544761
0.0009494518569950589
0.0009497335400255866
0.0009506156671024528
0.000950593872648996
0.0009511001482077569
0.0009512688153459877
0.0009515550217536478
0.0009517541188834976
0.0009520075650749553
0.0009520623938886833
0.0009521181822066515
0.0009522719770291585
0.0009524511301780148
0.0009526862087168735
0.000952764339776436
0.0009527631061281271
0.0009527629005200756
0.0009527629005200756
0.0009527629005200756
0.0009527629005200756
0.0009527629005200756
0.0009527629005200756
0.0009527629005200756
0.0009527629005200756
0.0009527629005200756
0.0009527629005200756
0.0009527629005200756
0.0009527629005200756
0.0009527629005200756
0.0009527629005200756
0.0009527629005200756
0.0009527629005200756
0.0009527629005200756
0.0009527629005200756
0.0009527629005200756
0.0009527629005200756
0.0009527629005200756
0.0009527629005200756
0.0009527629005200756
0.0009527629005200756
0.0009527629005200756
0.0009527629005200756
0.0009527629005200756
0.0009527629005200756
