-0.0010255781009362863
-0.0010445614125558222
-0.0010701791477458755
-0.0011022572934962227
-0.0011221711186237826
-0.0011442112737114485
-0.0011672068893915366
-0.0011814845866524593
-0.0011895193380695446
-0.0011893919981389445
-0.001190542717878884
-0.0011949217581417315
-0.0012023365327848978
-0.0012122320370764328
-0.0012198731176340516
-0.0012227642409783357
-0.0012232053387890574
-0.0012246377415294774
-0.0012259215582020033
-0.0012270803651972528
-0.0012275359926405827
-0.0012276534633599567
-0.0012280438445202435
-0.001228759771763066
-0.0012287965070498785
-0.0012289609935010049
-0.00122939962400892
-0.0012297106404588476
-0.0012301997134898102
-0.0012303688603623186
-0.0012305700821144683
-0.0012308688991424788
-0.0012310366753069957
-0.0012312531120528547
-0.0012314443275442954
-0.0012317301227398048
-0.0012318829580664215
-0.0012320371640868188
-0.0012322456506552726
-0.0012325100626213725
-0.0012327456894354327
-0.001233219958677978
-0.001233771399483885
-0.0012342437497068204
-0.0012345010339060991
-0.001234861807503762
-0.0012350083375167742
-0.001235219154295919
-0.0012354506689717937
-0.0012356569623648284
-0.0012358150064386564
-0.0012360125272437017
-0.0012362236181786557
-0.0012363706964606536
-0.0012365804166591943
-0.0012367932895358535
-0.0012369395454214782
-0.0012353700706171367
-0.0012329407429518824
-0.0012283438952067627
-0.0012194573781556528
-0.0012062625499851265
-0.0011940965844985385
-0.00117716325367212
-0.0011515303720557313
-0.0011325829047592606
-0.001108000817353627
-0.001075336071821198
-0.0010516208964901352
-0.0010232987986142916
-0.0009877969361156147
-0.0009547357097261511
-0.0009272115081699894
-0.0008923001520031448
-0.0008510231020295578
-0.0008218843975100754
-0.0007892452159126151
-0.0007468177888938499
-0.0007139891737466542
-0.0006860795256216079
-0.0006478386212052101
-0.0006081960181489876
-0.000579156005500181
-0.0005462376081766251
-0.0005109203474518154
-0.0004993976267542166
-0.0004923377316288224
-0.00047385836532498615
-0.0004461691632968723
-0.0004127213252331785
-0.000402140186622546
-0.00040235840528168865
-0.000402386025314172
-0.00040238849260276766
-0.00040238890382227055
-0.00040238900662359356
-0.00040238900662359356
-0.00040238900662359356
-0.00040238900662359356
-0.00040238900662359356
-0.00040238900662359356
-0.00040238900662359356
-0.00040238900662359356
-0.00040238900662359356
-0.00040238900662359356
-0.00040238900662359356
-0.00040238900662359356
-0.00040238900662359356
-0.00040238900662359356
-0.00040238900662359356
-0.00040238900662359356
-0.00040238900662359356
-0.00040238900662359356
-0.00040238900662359356
-0.00040238900662359356
-0.00040238900662359356
-0.00040238900662359356
-0.00040238900662359356
-0.00040238900662359356
-0.00040238900662359356
