0.08729776740074158
-36925.31640625
1234.461181640625
175.274658203125
-385.3991394042969
790.5360717773438
-474.1158142089844
-793.9778442382812
-1110.55517578125
-780.6065063476562
290.96343994140625
576.0804443359375
614.037109375
861.1430053710938
-309.18109130859375
-1468.017333984375
-4.388405799865723
528.8578491210938
733.9765014648438
-351.168212890625
-1055.0911865234375
245.25997924804688
538.1175537109375
-107.70055389404297
-506.16754150390625
412.65667724609375
615.8099365234375
696.6502075195312
-117.37422180175781
-499.4578857421875
537.4992065429688
-45.535858154296875
-303.28955078125
-176.80145263671875
808.3196411132812
3.1762092113494873
-668.4209594726562
-167.37335205078125
1009.253173828125
-355.4524841308594
-572.4803466796875
507.4859924316406
64.97122955322266
-269.0034484863281
168.93850708007812
468.2454833984375
-576.3466796875
-156.55288696289062
883.5975952148438
-511.8009338378906
-257.778564453125
758.1721801757812
-685.9500122070312
-313.6051940917969
1454.4854736328125
-671.3176879882812
-473.16845703125
458.7158203125
112.92371368408203
-834.3455810546875
885.42333984375
-289.4092712402344
-415.0567321777344
411.943603515625
-59.46355438232422
-529.7291259765625
455.55889892578125
386.7617492675781
-702.4956665039062
159.33824157714844
237.63119506835938
-273.3021240234375
-142.61842346191406
598.2503662109375
-221.89273071289062
-417.6583557128906
459.1441650390625
591.0310668945312
-795.0479736328125
-173.052001953125
637.8348999023438
8.398664474487305
-663.3939819335938
329.9451904296875
-166.42185974121094
-1322.925048828125
174.8861083984375
491.7903747558594
711.0299682617188
161.25352478027344
-1648.184326171875
-368.6571044921875
8.686140060424805
1.0146631002426147
0.06744080036878586
0.017407339066267014
3.043748438358307e-05
-5.215009878156707e-06
0.007458914536982775
0.0024590203538537025
0.0073875682428479195
-0.002505173673853278
-5.209434220887488e-06
-0.004969429224729538
0.002494709100574255
-0.004933736752718687
0.0024590124376118183
0.0023876940831542015
-0.0024337908253073692
0.0024233334697782993
-0.002540819812566042
0.0073875547386705875
0.004958966746926308
-4.090042784810066e-05
0.007351888343691826
-5.218505975790322e-06
-0.0024694916792213917
0.0024590317625552416
-5.225995664659422e-06
0.003709007753059268
