0.0129786916077137
-94764.3203125
-200.87432861328125
-188.3385772705078
-450.836669921875
-245.697998046875
-287.9651794433594
-309.5408935546875
-24.660972595214844
9.466278076171875
-10.200368881225586
-17.223600387573242
-58.340030670166016
-62.857723236083984
-178.4091339111328
16.405609130859375
-45.73368835449219
-17.379470825195312
-64.11227416992188
-5.764766693115234
4.709177494049072
-6.152076244354248
-4.648001670837402
3.000917673110962
-7.3079023361206055
-1.606179118156433
0.2970319092273712
-12.996195793151855
4.740448474884033
-10.672905921936035
0.461847722530365
-0.5042849183082581
-1.9243649244308472
2.6576626300811768
-2.64760160446167
2.873076915740967
-2.4631261825561523
0.48831337690353394
-0.06686293333768845
1.1326125860214233
2.9627151489257812
8.885953903198242
-1.0509462356567383
0.48536089062690735
-8.306678771972656
-1.8651025295257568
-7.353170394897461
2.4538919925689697
-1.9642525911331177
0.5611934065818787
-0.5189107060432434
-0.6445803642272949
0.2722310423851013
0.2538554072380066
0.1199093759059906
-0.05757414177060127
-0.6519211530685425
-94.06819915771484
-74.45842742919922
-283.9424133300781
-106.70287322998047
-297.47015380859375
-292.5876770019531
-103.28495788574219
-297.4952697753906
-200.38027954101562
-51.81452941894531
-230.55934143066406
-203.9221649169922
-71.49507141113281
-134.3739013671875
-207.12576293945312
-76.90367889404297
-82.08590698242188
-227.4504852294922
-92.19741821289062
21.86572265625
-72.950927734375
20.522705078125
-32.85115051269531
13.23248291015625
-15.351391792297363
8.4639892578125
-4.40850830078125
1.943267822265625
-5.0472412109375
-0.290374755859375
0.625213623046875
-0.8463134765625
1.1368865966796875
0.3564453125
-0.029815673828125
0.0030126571655273438
-0.007242083549499512
-0.0004816874861717224
-0.010124649852514267
0.0049994997680187225
-3.705208655446768e-07
-0.0050537558272480965
-0.005018082447350025
-0.015053500421345234
1.7465557903051376e-05
-3.701250079757301e-07
0.005035175941884518
-1.8208986148238182e-05
0.010035049170255661
-0.005018082447350025
-0.015017824247479439
0.01001721154898405
-0.010017954744398594
-0.004982404410839081
-0.015053501352667809
-0.005035919137299061
-0.005000243429094553
-0.020053371787071228
-3.707696123456117e-07
0.00501733785495162
-0.0050180815160274506
-3.7130166674614884e-07
-0.005026999395340681
