-0.0004497647340997446
-0.00042020230564787653
-0.00041919109098387253
-0.000419300611554263
-0.000419308081987424
-0.0004193094526812047
-0.0004193096240499017
-0.00041930969256043227
-0.00041930969256043227
-0.00041930969256043227
-0.00041930969256043227
-0.00041930969256043227
-0.00041930969256043227
-0.00041930969256043227
-0.00041930969256043227
-0.00041930969256043227
-0.00041930969256043227
-0.00041930969256043227
-0.00041930969256043227
-0.00041930969256043227
-0.00041930969256043227
-0.00041930969256043227
-0.00041930969256043227
-0.00041930969256043227
-0.00041930969256043227
-0.00041930969256043227
-0.00041930969256043227
-0.00041930969256043227
-0.00041930969256043227
-0.00041930969256043227
-0.00041930969256043227
-0.00041930969256043227
-0.00041930969256043227
-0.00041930969256043227
-0.00041930969256043227
-0.00041930969256043227
-0.00041930969256043227
-0.00041930969256043227
-0.00041930969256043227
-0.00041930969256043227
-0.00041930969256043227
-0.00041930969256043227
-0.00041930969256043227
-0.00041930969256043227
-0.00041930969256043227
-0.00041930969256043227
-0.00041930969256043227
-0.00041930969256043227
-0.00041930969256043227
-0.00041930969256043227
-0.00041930969256043227
-0.00041930969256043227
-0.00041930969256043227
-0.00041930969256043227
-0.00041930969256043227
-0.00041930969256043227
-0.00041930969256043227
-0.00041930969256043227
-0.0004191706672571627
-0.0004146209037543258
-0.00040190061896794305
-0.0003814085211786278
-0.00037412077806209254
-0.0003560007460947645
-0.00032968188747872773
-0.00029222849614995994
-0.00025539585269029885
-0.00022522890229481618
-0.00018586208818760497
-0.00015284984790753242
-0.000123094953181635
-8.365264665144423e-05
-5.041160746088735e-05
-2.0101789459658903e-05
1.924236065065088e-05
4.9907006754779104e-05
8.315656582169595e-05
0.00012163480189997244
0.0001500314755276122
0.00018614846591447076
0.00022374773614330934
0.00025071244392904646
0.0002891908427926637
0.0003216039583406882
0.000348810803870947
0.00038420413959272537
0.0004131940866898276
0.00043763526403495234
0.00046767662216495864
0.000486233845393258
0.0005067257033033457
0.0005238650191472516
0.0005327126077503408
0.0005408433781326494
0.0005490091361792793
0.0005501547499733306
0.0005507782221201296
0.0005526769781880603
0.0005526670747570961
0.0005526626884488905
0.0005526622086762245
0.0005526621058891124
0.0005526621401372722
0.0005526621401372722
0.0005526621401372722
0.0005526621401372722
0.0005526621401372722
0.0005526621401372722
0.0005526621401372722
0.0005526621401372722
0.0005526621401372722
0.0005526621401372722
0.0005526621401372722
0.0005526621401372722
0.0005526621401372722
0.0005526621401372722
0.0005526621401372722
0.0005526621401372722
0.000552662756973632
0.0005526537787687857
