-0.0009467371453553515
-0.0009376574252659779
-0.0009380434201146229
-0.0009381055137461699
-0.0009381101056593196
-0.0009381109966275427
-0.000938111133699577
-0.0009381112707716113
-0.000938111133699577
-0.000938111133699577
-0.000938111133699577
-0.000938111133699577
-0.000938111133699577
-0.000938111133699577
-0.000938111133699577
-0.000938111133699577
-0.000938111133699577
-0.000938111133699577
-0.000938111133699577
-0.000938111133699577
-0.000938111133699577
-0.000938111133699577
-0.000938111133699577
-0.000938111133699577
-0.000938111133699577
-0.000938111133699577
-0.000938111133699577
-0.000938111133699577
-0.000938111133699577
-0.000938111133699577
-0.000938111133699577
-0.000938111133699577
-0.000938111133699577
-0.000938111133699577
-0.000938111133699577
-0.000938111133699577
-0.000938111133699577
-0.000938111133699577
-0.000938111133699577
-0.000938111133699577
-0.000938111133699577
-0.000938111133699577
-0.000938111133699577
-0.000938111133699577
-0.000938111133699577
-0.000938111133699577
-0.000938111133699577
-0.000938111133699577
-0.000938111133699577
-0.000938111133699577
-0.000938111133699577
-0.000938111133699577
-0.000938111133699577
-0.000938111133699577
-0.000938111133699577
-0.000938111133699577
-0.000938111133699577
-0.000938111133699577
-0.0009381654827611849
-0.0009402214947399676
-0.0009461718602858158
-0.0009544086559001387
-0.0009564637769106984
-0.0009575490447424269
-0.000959494233981462
-0.0009605284424804064
-0.0009609440448884645
-0.0009609095027358159
-0.0009607757889663368
-0.0009604758753552446
-0.0009601809648734052
-0.0009597890073912671
-0.0009594280967249025
-0.0009590939151052304
-0.0009586659076780662
-0.0009583178132469105
-0.000957942715624994
-0.0009574979854096427
-0.0009571755234489049
-0.0009567773291892053
-0.0009543475217728319
-0.0009513298124012601
-0.0009438639099079529
-0.0009339055580785881
-0.0009231475280010004
-0.0009063268703814565
-0.0008887506717087407
-0.000870450115870661
-0.0008446895516367499
-0.0008235074674931952
-0.0007944863707789143
-0.0007627169112405004
-0.0007422136763469155
-0.0007178084118523433
-0.0006858425966247659
-0.0006679093938386638
-0.0006475110190513337
-0.000624816893297195
-0.0006249456724734387
-0.0006250059841685395
-0.0006250128377702555
-0.0006250135231304271
-0.0006250136602024614
-0.0006250137287384786
-0.0006250137287384786
-0.0006250137287384786
-0.0006250137287384786
-0.0006250137287384786
-0.0006250137287384786
-0.0006250137287384786
-0.0006250137287384786
-0.0006250137287384786
-0.0006250137287384786
-0.0006250137287384786
-0.0006250137287384786
-0.0006250137287384786
-0.0006250137287384786
-0.0006250137287384786
-0.0006250005012871667
-0.0006218901997564117
