-0.09299534559249878
27857.482421875
-883.675537109375
-0.4916667938232422
3.1995182037353516
0.25397711992263794
0.05936473608016968
0.003982929978519678
0.0016194544732570648
-0.004003793932497501
-0.005633725319057703
0.003982905298471451
0.0023529722820967436
0.006346362642943859
-0.012724043801426888
-0.011256923899054527
-0.005633753724396229
-0.007263581268489361
-0.006367231719195843
-1.0510666470509022e-05
0.0047165281139314175
0.002352952491492033
-0.0056337048299610615
0.00561278872191906
-1.0448997272760607e-05
0.002352997427806258
-0.002373882569372654
-0.005633701104670763
0.0016194370109587908
-0.0016403740737587214
-1.0453491995576769e-05
0.003982946276664734
-0.0016403712797909975
-0.0119905024766922
-1.0497100447537377e-05
-1.0330319128115661e-05
0.003982800990343094
0.009606151841580868
0.00960616860538721
0.008709799498319626
-0.007997177541255951
-0.005633678752928972
0.003982890397310257
-0.008730670437216759
-0.016880234703421593
-1.043493284669239e-05
-0.0056337034329771996
-1.0451743946759962e-05
0.0007230937480926514
-0.0023739144671708345
0.009606166742742062
0.00161945098079741
0.0032493132166564465
-0.004737257491797209
-0.0056336927227675915
-0.0016403996851295233
-0.00799708254635334
-1.0508168998057954e-05
24.7658748626709
359.5913391113281
695.968994140625
412.02178955078125
-912.225830078125
864.704345703125
783.97509765625
877.781494140625
-33.54167556762695
-272.05023193359375
656.7630004882812
-445.88067626953125
-364.8314514160156
1546.322265625
-1192.0228271484375
111.90396881103516
519.4974365234375
-1083.47998046875
591.8572387695312
571.3079833984375
-1323.5732421875
1385.1392822265625
-703.901611328125
-399.3151550292969
1148.4984130859375
-414.899169921875
-472.1248474121094
1256.890869140625
-1185.3167724609375
246.89317321777344
860.3060302734375
-1387.6004638671875
382.35137939453125
88.7215805053711
-1267.5186767578125
390.6987609863281
168.68968200683594
-965.7217407226562
510.6128845214844
-542.9481811523438
-994.861572265625
14.17081069946289
2.411400318145752
0.22055847942829132
0.03279052674770355
-5.2166328714520205e-06
0.0045416271314024925
-0.004552078433334827
-0.002495773835107684
-0.004552082158625126
0.009739866480231285
-5.218380920268828e-06
-0.009533166885375977
-0.004769229330122471
0.002268210519105196
-0.0024957810528576374
-0.004769197199493647
-0.004769202321767807
-0.00476919487118721
0.004758728668093681
3.7749640941619873
273.34844970703125
