-0.5236746072769165
27292.810546875
-11.021484375
9.238970756530762
0.6200926303863525
0.03921745717525482
0.011232409626245499
0.003908933140337467
0.004723876714706421
-0.003914929460734129
-0.008641817606985569
0.00390892568975687
-0.0008179624564945698
0.0030939772259444
-0.006196956150233746
-0.017280608415603638
-0.008641825057566166
-0.013368682004511356
-0.003099975408986211
-3.020987605850678e-06
-0.0016328832134604454
-0.0008179680444300175
-0.008641812019050121
0.008635799400508404
-3.0032626909815008e-06
-0.0008179553551599383
0.0008119522826746106
-0.008641811087727547
0.0047238715924322605
-0.004729889333248138
-3.0045544008316938e-06
0.00390893779695034
-0.004729888867586851
-0.011738786473870277
-3.017088374690502e-06
-2.9691518648178317e-06
0.003908895887434483
0.012547731399536133
0.012547735124826431
0.002279022242873907
-0.007826866582036018
-0.008641804568469524
0.0039089214988052845
-0.0022850208915770054
-0.025919431820511818
-2.9992202144057956e-06
-0.008641812019050121
-3.0040519050089642e-06
-0.005544835235923529
0.0008119433186948299
0.012547735124826431
0.004723875783383846
0.009450742974877357
0.0016269250772893429
-0.008641808293759823
-0.004729896783828735
-0.00782684050500393
-3.0202697871573037e-06
-11.486221313476562
-149.386962890625
-149.4993896484375
-44.39556884765625
67.4185791015625
118.14501953125
11.890869140625
124.41302490234375
64.46803283691406
48.7911376953125
7.94805908203125
25.22772216796875
4.90179443359375
0.3323974609375
3.822021484375
0.7641525268554688
-0.16748046875
1.704345703125
-0.04290771484375
0.72955322265625
-0.705078125
-1.70068359375
197.2823486328125
173.54473876953125
201.690673828125
467.18341064453125
325.82843017578125
207.72265625
482.16876220703125
309.6824951171875
276.96746826171875
613.58154296875
261.2932434082031
372.4974060058594
258.6814270019531
124.13910675048828
147.52040100097656
301.3912658691406
40.08567810058594
-31.198333740234375
-0.8105201721191406
0.14152057468891144
0.05218426510691643
0.0016719941049814224
-0.002158648334443569
-1.0957439400272051e-07
0.005415257066488266
-0.005415476858615875
-0.00021724026009906083
-0.005415476858615875
0.003358965739607811
-1.0961111485130459e-07
-0.005849737673997879
-0.002924924483522773
0.002707574050873518
-0.00021724040561821312
-0.002924923785030842
-0.002924923785030842
-0.002924923785030842
0.0029247039929032326
0.15581724047660828
12.229023933410645
