0.0007565327693401195
0.0007768127138897971
0.0007935532529052809
0.0008200373518723502
0.0008576584850919019
0.0008873840635265704
0.000904970953817963
0.000921182943069109
0.0009216867513312522
0.0009204869598148493
0.0009207726179343721
0.0009205598821371075
0.0009205357574590673
0.0009202313204708424
0.0009200586782436165
0.0009198512882556903
0.0009196099044032528
0.0009193861343072254
0.0009191858035290667
0.0009189043946426078
0.000918668013919423
0.0009184390350860914
0.0009158765419404962
0.0009123932674043565
0.0009061608761478949
0.0008958263301203389
0.0008842536809427875
0.0008680798662531997
0.0008517507489487272
0.0008293679823205465
0.0008071586118157807
0.0007791672687593288
0.000751792407177231
0.0007193159300857945
0.0006891231416221463
0.000652249667813793
0.0006149716258961442
0.0005845166186308419
0.0005445703667611287
0.0005141854375733724
0.00048018283471982565
0.00044114629567388567
0.00040927519722202345
0.0003721489283143755
0.000337834143902665
0.000308142216652422
0.00026673450275278897
0.0002353482280863166
0.0002043172269987973
0.00016366118186736658
0.00013544460375752046
0.00010080097496847412
6.0686655650680295e-05
3.2526523376217047e-05
-1.2400221082785596e-07
-4.125140037849535e-05
-6.735340248289547e-05
-9.738415466797316e-05
-0.00013181467071166048
-0.0001425901432056154
-0.000156095405263053
-0.00018015984014428852
-0.00020885535650905086
-0.0002119220862668964
-0.00021178991455780334
-0.00021178213571985567
-0.00021178213571985567
-0.00021178213571985567
-0.00021178213571985567
-0.00021178213571985567
-0.00021178213571985567
-0.00021178213571985567
-0.00021178213571985567
-0.00021178213571985567
-0.00021178213571985567
-0.00021178213571985567
-0.00021178213571985567
-0.00021178213571985567
-0.00021178213571985567
-0.00021178213571985567
-0.00021178213571985567
-0.00021178213571985567
-0.00021178213571985567
-0.00021178213571985567
-0.00021178213571985567
-0.00021178213571985567
-0.00021187743505171665
-0.00021628918414632716
-0.00022934080630618273
-0.00025215200871163483
-0.00025880408026917565
-0.000267262350022951
-0.00028739459945564886
-0.0003178941722661095
-0.00035646480346739583
-0.00038849322634664884
-0.0004188171242111241
-0.0004593307172308878
-0.000489765986123248
-0.0005220334968983637
-0.000561115783735758
-0.0005908719635020884
-0.000622747037042946
-0.0006609240658976824
-0.0006895309994602655
-0.0007215624036562649
-0.0007539503322135307
-0.0007778523367340971
-0.0008055008626327147
-0.0008312853459366147
-0.0008483017424211675
-0.0008699384945025616
-0.000887242125435032
-0.0008997490575985086
-0.0009168339901002214
-0.0009287733069695788
-0.000938073027674036
-0.0009472910534460386
-0.0009545696470044475
-0.0009591212609760773
