-0.00025644479640618556
-0.0002562820233720231
-0.0002580748056431048
-0.0002606676259802043
-0.0002731651687071235
-0.0002906009028151857
-0.0003109701497834294
-0.0003447213968001961
-0.0003799666947230662
-0.000410384315600254
-0.0004478072083884399
-0.0004836550406821516
-0.000509766063842676
-0.0005480569995626183
-0.0005850797105324546
-0.0006143010009509453
-0.000652475768106342
-0.0006880398613162697
-0.0007157032595301871
-0.0007549533568180777
-0.0007888385231922257
-0.0008176157687671548
-0.0008575753508637263
-0.0008879402332695463
-0.0009201989714284764
-0.0009569175538501895
-0.0009879383259345786
-0.0010221695306569245
-0.0010495576196802858
-0.00108223065805646
-0.0011075746603808057
-0.0011335161596974785
-0.0011537242099564082
-0.0011722202990540609
-0.0011849001475781051
-0.0011960247768172394
-0.00120228540491496
-0.0012035784053949783
-0.001204447030886513
-0.0012046503087219662
-0.001204718022293605
-0.0012047065082612107
-0.0012046090500348328
-0.0012044325012681156
-0.0012042596534200811
-0.0012041114785574791
-0.0012038879140732206
-0.0012037198637528945
-0.0012035534582963692
-0.0012032761615614618
-0.0012029281356831234
-0.001202471959942386
-0.0012017802944512823
-0.0012015535773315378
-0.001201253800786617
-0.0012009533388805949
-0.001200750609342549
-0.0012005681664533085
-0.0012003415863830469
-0.0012002734615919053
-0.0012001873803626495
-0.0012000387942663338
-0.0011998647127882123
-0.001199846070974786
-0.0011998467563358872
-0.0011998467563358872
-0.0011998467563358872
-0.0011998467563358872
-0.0011998467563358872
-0.0011998467563358872
-0.0011998467563358872
-0.0011998467563358872
-0.0011998467563358872
-0.0011998467563358872
-0.0011998467563358872
-0.0011998467563358872
-0.0011998467563358872
-0.0011998467563358872
-0.0011998467563358872
-0.0011998467563358872
-0.0011998467563358872
-0.0011998467563358872
-0.0011998467563358872
-0.0011998467563358872
-0.0011998467563358872
-0.0011998467563358872
-0.0011998455227058002
-0.0011998155039236735
-0.0011997376470134213
-0.0011995939955227186
-0.0011995620577351929
-0.0011995101074262493
-0.0011993856460321695
-0.0011991936081159338
-0.0011989574330044661
-0.001198762653615404
-0.001198578017593377
-0.0011983306025769025
-0.0011981454182716789
-0.001197923909856513
-0.0011973408054046786
-0.0011947808481096445
-0.0011906538832988645
-0.0011824538229774362
-0.0011719393013720492
-0.0011578773555100952
-0.0011391085616310193
-0.0011224066769273122
-0.001099955579888956
-0.001072145583137285
-0.0010491924597886282
-0.0010205490650747606
-0.0009899941322970562
-0.0009653436459302611
-0.0009286164965232047
-0.0008976369831401598
-0.0008702398473303674
-0.0008335461434967328
-0.000799211106709663
-0.000771037320774326
