0.02692990191280842
-42570.15625
242.18606567382812
810.99267578125
1132.1224365234375
-420.8647155761719
-566.1844482421875
1398.8182373046875
-299.2049560546875
-530.2192993164062
708.0532836914062
-897.3837890625
263.2562255859375
796.7472534179688
-310.0614929199219
-14.123771667480469
1117.7171630859375
-999.9393310546875
123.20894622802734
1501.119873046875
-1026.921142578125
-485.0169982910156
1411.069580078125
-1344.030517578125
643.0133056640625
516.8253173828125
-158.9310302734375
581.4591064453125
-724.9069213867188
1187.77880859375
-569.3343505859375
694.7877197265625
-1164.60595703125
606.3115234375
-839.6063842773438
748.5464477539062
-625.8682861328125
-240.7980194091797
823.8546142578125
-1291.390625
640.344482421875
304.181396484375
-635.8668823242188
1035.0772705078125
-896.7977905273438
-97.7446517944336
910.8999633789062
-1067.93603515625
382.3519592285156
-48.172935485839844
-791.3013305664062
337.5078430175781
169.6768341064453
-893.0199584960938
801.444091796875
38.68533706665039
-1010.6536865234375
567.0277709960938
78.42471313476562
-1936.0450439453125
627.62353515625
738.0318603515625
75.36288452148438
-2256.208984375
-88.50209045410156
7.227406024932861
0.36033231019973755
-0.0011913871858268976
-0.0036913002841174603
-0.007258264347910881
-0.0060693020932376385
-0.0023804663214832544
-0.004971704911440611
-0.007319200783967972
-0.008508278988301754
-0.004880339838564396
-0.0036302865482866764
-0.003630364313721657
-0.008508240804076195
-6.328336894512177e-05
-0.0036302865482866764
-0.007380175404250622
-0.0036913002841174603
-0.0060693020932376385
-0.006069379858672619
-0.0036913002841174603
25.557178497314453
440.25250244140625
772.1683959960938
808.2221069335938
-1708.1103515625
662.6393432617188
861.2123413085938
1188.8271484375
700.5097045898438
-923.5422973632812
284.4842834472656
609.8618774414062
-951.041259765625
220.467529296875
592.6578369140625
-1154.7918701171875
611.6890258789062
793.91943359375
-1158.9208984375
525.5841064453125
329.43353271484375
-811.6553344726562
795.1724853515625
-122.74456787109375
-662.6920166015625
1077.890380859375
-409.16510009765625
-701.6835327148438
1099.7989501953125
-557.7478637695312
-485.39166259765625
1072.2828369140625
-401.97198486328125
-396.02728271484375
