-0.010293802246451378
-14837.8583984375
96.41075897216797
19.649185180664062
410.6321105957031
792.6199951171875
867.1876220703125
498.73370361328125
1469.001220703125
149.78555297851562
-27.00152587890625
18.4981689453125
-3.7271728515625
11.0601806640625
-4.3594970703125
4.339215278625488
-0.75390625
-0.44866943359375
1.4870223999023438
0.682373046875
-0.41650390625
30.29412841796875
171.752197265625
329.3017578125
262.15411376953125
406.05206298828125
465.4981689453125
420.3027038574219
594.9951171875
318.3524169921875
753.65087890625
624.230224609375
760.3028564453125
534.8359985351562
692.1126708984375
455.25225830078125
595.5316772460938
523.2115478515625
114.37455749511719
72.20594787597656
32.100440979003906
11.470991134643555
13.024192810058594
6.220419883728027
3.768998861312866
1.2771644592285156
0.8385601043701172
-0.16411685943603516
-0.04625892639160156
5.289928436279297
19.059280395507812
2.6682939529418945
9.9360933303833
-18.378646850585938
-0.776951789855957
-3.8129167556762695
0.3644390106201172
-2.91925311088562
0.5853222608566284
-0.4564189910888672
0.0470123291015625
-0.34051513671875
-0.2812630832195282
0.006633758544921875
-0.020752310752868652
0.015934564173221588
0.02777526155114174
-0.010022658854722977
-0.010007425211369991
0.020014850422739983
0.010007424280047417
-1.5233979866025038e-05
-0.014999710954725742
0.010015041567385197
0.020022468641400337
0.0
-7.616990842507221e-06
-7.61699038775987e-06
0.020022468641400337
-0.030029891058802605
-7.616990842507221e-06
1.5233979866025038e-05
-0.010007425211369991
0.010007424280047417
0.010007425211369991
-0.010007425211369991
0.006474196910858154
-0.11066007614135742
-0.09290409088134766
0.2451763153076172
-1.5797233581542969
0.5116062164306641
-0.028258323669433594
0.26436901092529297
-0.3522801399230957
-0.18435382843017578
0.003487110137939453
0.1030435562133789
-0.0799398422241211
2.2587242126464844
29.480514526367188
172.35986328125
112.86544799804688
225.9737548828125
499.5750732421875
155.3271484375
338.9453125
302.94818115234375
190.1558837890625
458.97735595703125
356.66607666015625
15.5211181640625
419.57666015625
167.150390625
57.1270751953125
237.85736083984375
106.74951171875
192.0474853515625
176.51937866210938
169.761962890625
