-0.0004055713052466457
-0.0004064090552524009
-0.0004113500566055252
-0.00042495414759970753
-0.0004483846243222131
-0.00047517093285694937
-0.0004990589217620065
-0.0005363574559487861
-0.0005716112865996143
-0.000597713914095171
-0.0006396075140884599
-0.0006739670182513672
-0.0006996980434618824
-0.0007357471660558353
-0.0007724756861878952
-0.0007979103616602107
-0.0008297549366734319
-0.0008585043566156906
-0.0008765905317920939
-0.00090114314872356
-0.0009215742837270927
-0.0009354243847548708
-0.0009526681837443605
-0.0009647295632602799
-0.0009718612841339149
-0.0009799660793791876
-0.0009851924304397576
-0.000985785404060226
-0.0009870812830726871
-0.0009876116833094882
-0.0009889355250169507
-0.0009893030151409627
-0.0009892933515625432
-0.0009892923920583028
-0.0009892923235222857
-0.0009892922549862686
-0.0009892922549862686
-0.0009892922549862686
-0.0009892922549862686
-0.0009892922549862686
-0.0009892922549862686
-0.0009892922549862686
-0.0009892922549862686
-0.0009892922549862686
-0.0009892922549862686
-0.0009892922549862686
-0.0009892922549862686
-0.0009892922549862686
-0.0009892922549862686
-0.000989284304808278
-0.0009893018500286709
-0.0009893010961324821
-0.0009894831963300763
-0.0009896622809429155
-0.0009899022940750098
-0.0009900659580839878
-0.0009900645873636446
-0.0009900636278594045
-0.0009901255158828999
-0.0009903000085825892
-0.0009905403643947694
-0.0009904123391147144
-0.000989917371998785
-0.0009899828924311899
-0.0009899891977447686
-0.0009899885809206142
-0.0009899232660962607
-0.0009886475366728445
-0.0009861307570506951
-0.000980912082024047
-0.0009662902654430473
-0.0009409156960577813
-0.0009172199164128494
-0.0009012374542831722
-0.0008777470085456516
-0.000841001011729216
-0.0008011357351637773
-0.0007726730699173161
-0.0007439082979072135
-0.0007042523988741987
-0.0006789760416015229
-0.0006770598430977465
-0.0006714688118898682
-0.0006570688463964154
-0.0006321159791247348
-0.0006095832556910081
-0.0006098181286218154
-0.0006098884465754216
-0.0006098944092089145
-0.0006098953001771375
-0.0006098953687131547
-0.0006098954372491718
-0.0006098954372491718
-0.0006098954372491718
-0.0006098954372491718
-0.0006098954372491718
-0.0006098954372491718
-0.0006098954372491718
-0.0006098954372491718
-0.0006098954372491718
-0.0006098954372491718
-0.0006098543156388759
-0.0006098878297512671
-0.0006098907768000049
-0.0006098912565521251
-0.0006098913936241594
-0.0006098913936241594
-0.0006098913936241594
-0.0006098913936241594
-0.0006098913936241594
-0.0006098913936241594
-0.0006098913936241594
-0.0006098913936241594
-0.0006098913936241594
-0.0006098913936241594
-0.0006098913936241594
-0.0006098913936241594
-0.0006098913936241594
-0.0006098913936241594
-0.0006098913936241594
-0.0006098913936241594
-0.0006098913936241594
-0.0006098913936241594
-0.0006098913936241594
-0.0006098913936241594
-0.0006098913936241594
-0.0006098913936241594
-0.0006098913936241594
-0.0006098913936241594
-0.0006098913936241594
-0.0006098913936241594
-0.0006098913936241594
-0.0006098913936241594
-0.0006098913936241594
-0.0006098913936241594
-0.0006098913936241594
-0.0006098913936241594
-0.0006080476376905212
-0.0005982341710014325
-0.0005800841202570362
-0.0005589571048032696
-0.0005549299627029566
-0.0005454358053178165
-0.0005242911761076398
-0.0004971944336831773
-0.000464487367162006
-0.00043919970144649885
-0.00042312937614282257
-0.00041262331873232367
-0.00040347650188215037
-0.0004111089468971563
-0.0004152545192351217
-0.0004074907249432286
-0.0004065269714699247
-0.0004083466027255226
-0.00040725122583126295
-0.0004073274036143363
-0.0004068567667844986
-0.000406741283595584
-0.00040652758829407915
-0.0004062946686397609
-0.0004062235625219574
-0.00040614005138504795
-0.00040596264590462926
-0.00040577478868159374
-0.0004057641655989339
-0.00040576461108304547
-0.00040575121229169067
-0.0004056987479705547
-0.0004055602709478829
-0.0004058384929095439
-0.00040563850481147105
-0.0004053698093561953
-0.00040694702871909834
-0.0004100293675548521
-0.0004207537464480142
-0.00043342948282175576
-0.0004552560454026744
-0.0004858560406122788
-0.0005143380672835877
-0.0005530149293114721
-0.0005891520521514583
-0.000616141330101014
-0.0006544123903712939
-0.000690936673172217
-0.0007175958816631301
-0.0007555767604367546
-0.0007875107749523697
-0.0008120387189176583
-0.0008447571966856867
-0.0008711760493644198
-0.0008923393546392726
-0.0009196792628526188
-0.0009382146916215058
-0.000955311343782153
-0.0009732772382484404
-0.0009854237394976725
-0.000995994529176379
-0.0010065773126580887
-0.0010123070607646987
-0.0010148077344228157
-0.0010182453639715268
-0.0010183023174017867
-0.0010193012983879108
-0.001020009069837122
-0.00102029171237189
-0.0010208633027550043
-0.0010208518572401386
-0.0010208513774880184
-0.0010208512404159841
-0.0010208512404159841
-0.0010208512404159841
-0.0010208512404159841
-0.0010208512404159841
-0.0010208512404159841
-0.0010208512404159841
-0.0010208512404159841
-0.0010208512404159841
-0.0010208512404159841
-0.0010208512404159841
-0.0010208512404159841
-0.0010208512404159841
-0.0010208512404159841
-0.0010208512404159841
-0.0010208512404159841
-0.0010208512404159841
-0.0010208512404159841
-0.001020860561314318
-0.0010209568544184277
-0.0010212362072243718
-0.001021470600403059
-0.0010216145945751121
-0.0010216610619947467
-0.0010218791436013498
-0.0010221680914496963
-0.0010226273513006855
-0.001023029383577346
-0.0010233644561652413
-0.001023674924322976
-0.0010241241093794427
-0.0010245597928405289
-0.0010248749214474306
-0.0010252356950417607
-0.001025693721244441
-0.001026042021283648
-0.001026385112585551
-0.0010268260047839413
-0.001027250448338213
-0.0010275563245827981
-0.001027925459571222
-0.001028384650886194
-0.0010287476861690905
-0.001029006204025818
-0.0010288114246650494
-0.0010280164068659932
-0.0010250063049923263
-0.0010216323454035566
-0.0010155575869865631
-0.0010069033384917188
-0.0009998062283067496
-0.0009909543904744328
-0.0009750785703874567
-0.0009630737330856943
-0.0009485037982696847
-0.0009295899821500573
-0.0009129028326919411
-0.0008940186241317268
-0.000869527004255533
-0.0008478386445532174
-0.0008237724962715529
-0.0007929054504710846
-0.0007663539120631299
-0.0007365450623676121
-0.0007021357325202293
-0.0006787310253401758
-0.0006543376175765723
-0.000622432662332233
-0.00060397049856569
-0.0005939160592402669
-0.0005745964413630352
-0.0005488651077404428
-0.0005381503581576916
-0.0005328649975863469
-0.0005187218708172012
-0.0004955024507595399
-0.00047387310056799906
-0.00044278286722764925
-0.0003987018031746648
-0.0003681196958655392
-0.00034295539498092
-0.0003058931729813081
-0.0002647733960237685
-0.00023437191538786814
-0.00020130222479990327
-0.00016178243829696813
-0.0001318682487430753
-0.0001054755596888932
-6.521907097050312e-05
-2.731626757092702e-05
1.9327211721476835e-06
3.739871242636216e-05
8.016178175084806e-05
0.00010916939400375273
0.00014307965314117851
0.0001825490913725075
0.00021379849961271138
0.00024483042593646234
0.0002868393720466314
0.0003196031521220026
0.0003498938100181553
0.00038812762096310883
0.0004248983250137307
0.0004504371066961121
0.000486841554271031
0.0005252201132842264
0.0005511212106213241
0.0005839484550485856
0.0006255972443885788
0.0006517571679944813
0.0006770401047248044
0.0007113768549300147
0.0007414115308020748
0.0007671141135654686
0.0007979120065246224
0.0008256636791290658
0.0008417946588079288
0.0008634834297263472
0.0008862227207157942
0.0008982709413164189
0.0009079106006659897
0.0009192414547750006
0.000934248649380491
0.0009390601519291915
0.0009447032705101114
0.0009476582008899647
0.0009459819469822654
0.0009508092128149128
0.0009506942093781182
0.0009496188792688779
0.0009520506742297489
0.0009501413293276885
0.00095117560636265
0.000951514859647592
0.0009512104911953845
0.0009524739526717291
0.0009521075591239917
0.000952330438251796
0.0009524811489535309
0.0009526249375175326
0.0009527516606132614
0.00095275193475733
0.00095275193475733
0.00095275193475733
0.0009527520032933472
0.0009527520032933472
0.0009527520032933472
0.0009527520032933472
0.0009527520032933472
0.0009527520032933472
0.0009527520032933472
0.0009527520032933472
0.0009527520032933472
0.0009527520032933472
0.0009527520032933472
0.0009527520032933472
0.0009527520032933472
0.0009527520032933472
0.0009527520032933472
0.0009527520032933472
0.0009527520032933472
0.0009527520032933472
0.0009527520032933472
0.0009527520032933472
0.0009527520032933472
0.0009527520032933472
0.0009527520032933472
0.0009527520032933472
0.0009527520032933472
0.0009527520032933472
0.0009527520032933472
0.0009527520032933472
0.0009527520032933472
0.0009527520032933472
0.0009527520032933472
0.0009527520032933472
0.0009527520032933472
0.0009527520032933472
0.0009527520032933472
0.0009527520032933472
0.0009527520032933472
0.0009527520032933472
0.0009527520032933472
0.0009527520032933472
0.0009527520032933472
0.0009527520032933472
0.0009527520032933472
0.0009527520032933472
0.0009527520032933472
0.0009527520032933472
0.0009527520032933472
0.0009527520032933472
0.0009527520032933472
0.0009527520032933472
0.0009527520032933472
0.0009527520032933472
0.0009527520032933472
0.0009527520032933472
0.0009527518662213128
0.0009527601590793892
0.0009528048445625776
0.0009529085395565406
0.0009530523281205423
0.0009531766524556706
0.0009533673196554097
0.0009526941588948642
0.0009512957500007316
0.0009430761569267159
0.0009263533002036593
0.0009028220755359285
0.0008705673809960218
0.0008451507990322367
0.000812781786415707
0.0007701016670894901
0.0007381832787857874
0.0007152991711920814
0.0006857226585947359
0.0006478989329084592
0.000622935511090136
0.0006226765134812884
0.0006212362976166882
0.0006204100959298244
0.0006197057512814711
0.0006117900469075428
0.000596708148043348
0.0005738749284423833
0.0005524896007399406
0.0005332073007240525
0.0005207948454602311
0.0005150426175399925
0.0004972212655338955
0.00047459382532445357
0.0004590442024111504
0.0004592260284646759
0.00046162951805045986
0.0004611617254653343
0.0004610813669852142
0.0004610538497743245
0.0004610384977064806
0.000461014235956406
0.00046099699914809025
0.0004609831206046153
0.0004609668775685484
0.00046093219834386547
0.00046090612038933605
0.0004608848399560079
0.00046088007670281526
0.0004608555065406634
0.0004608311762545716
0.0004608051668360594
0.0004607817617861993
0.000460760652692914
0.0004607520514227604
0.0004607384812913627
0.000460725322376068
0.0004606876961026472
0.0004606865995263726
0.0004606598362116716
0.0004606421196512358
0.0004606182005812469
0.0004605748858184018
0.00046056878611287457
0.00046054109756194194
0.00046053883587337564
0.0004605103248902371
0.00046049672049083086
0.00046045933409347004
