0.000419620503393503
0.00044264356778001
0.0004756689840803574
0.0005095021659116128
0.0005401625756178419
0.0005628062588698413
0.000573090328117587
0.0005839320063927289
0.0005844673412127577
0.0005843690605900065
0.0005851755238950318
0.0005811440297520676
0.0005775852285268002
0.0005686640322437597
0.0005536538905914767
0.000540960574724636
0.000519636621021391
0.0004974161476951622
0.0004779949251627613
0.0004493275085621917
0.00041927425944265906
0.0003960673472107601
0.00036068970624114627
0.00032870874454715704
0.0003041443394380394
0.0002655280803764981
0.00022789882562790353
0.00020149415990999842
0.00017839431806976336
0.00014171967580978162
0.0001057230175405266
9.711407992085697e-05
9.734738509337149e-05
9.737350586647153e-05
9.737683843979994e-05
9.737730105996434e-05
9.73773439056913e-05
9.737736104398209e-05
9.737736104398209e-05
9.737736104398209e-05
9.737736104398209e-05
9.737736104398209e-05
9.737736104398209e-05
9.737736104398209e-05
9.737736104398209e-05
9.737736104398209e-05
9.737736104398209e-05
9.737736104398209e-05
9.737736104398209e-05
9.686824122923099e-05
8.99156221123576e-05
7.439959895805259e-05
5.851192642580827e-05
4.786972651515953e-05
2.779063319735542e-05
1.5590225146411285e-05
1.5707228968153686e-05
1.5663253492448348e-05
1.1646910081708484e-05
-1.05635520242231e-06
-2.3901342714793827e-05
-5.729946005317288e-05
-6.630725587797315e-05
-6.605669675252557e-05
-6.602441629866007e-05
-6.676377856251747e-05
-7.360787947163772e-05
-9.10334616861519e-05
-0.00010483293172569574
-0.000125306499086264
-0.00015254256665286903
-0.00018439156225724673
-0.0002018233726772678
-0.00020873666926490841
-0.0002168294707161067
-0.00021855645839252702
-0.00020989189523845653
-0.00021208384839610517
-0.00022358595688842797
-0.00022464680876055354
-0.00021641467358790578
-0.00021587430137515184
-0.00021662146390610815
-0.00021840674145323646
-0.0002199943097735968
-0.0002197636175367279
-0.00021976082470587244
-0.00021976001939094658
-0.00021975986518896207
-0.00021975986518896207
-0.00021975984805067128
-0.00021975984805067128
-0.00021975984805067128
-0.00021975984805067128
-0.00021975984805067128
-0.00021975984805067128
-0.00021975984805067128
-0.00021975984805067128
-0.00021975984805067128
-0.00021975984805067128
-0.00021975984805067128
-0.00021975263464923955
-0.00021975684960295894
-0.0002197574150386572
-0.0002197575178399802
-0.00021975753496406014
-0.00021975756922643086
-0.00021975756922643086
-0.00021975756922643086
-0.00021975756922643086
-0.00021975756922643086
-0.00021975756922643086
-0.00021975756922643086
-0.00021975756922643086
-0.00021975756922643086
-0.00021975756922643086
-0.00021975756922643086
-0.00021975756922643086
-0.00021975756922643086
-0.00021975756922643086
-0.00021975756922643086
-0.00021975756922643086
-0.00021975756922643086
-0.00021975756922643086
-0.00021975756922643086
-0.00021975756922643086
-0.00021975756922643086
-0.00021975756922643086
-0.00021975756922643086
-0.00021975756922643086
-0.00021975756922643086
-0.00021975756922643086
-0.00021975756922643086
-0.00021975756922643086
-0.00021975756922643086
-0.00021975756922643086
-0.00021975756922643086
-0.00021978662850585806
-0.000219906617942911
-0.00021976043062466033
-0.00021680325568240733
-0.00021607644833920858
-0.00021433510235624453
-0.00021035136069258442
-0.00019870988421644142
-0.00017581097286267777
-0.00014930283488467921
-0.0001262902736414162
-0.00010220492670498516
-6.570355208168621e-05
-2.7783278426340985e-05
-2.9852382965600555e-06
2.849497354873165e-05
7.020056425233179e-05
9.826108156119062e-05
0.00012704820488806945
0.00016653993446880122
0.0002017601824633175
0.0002276526442699378
0.00025278708056930554
0.00028763301912704264
0.00030041783057299654
0.0003097248846160028
0.00033152828201821194
0.00035744733580145294
0.0003588923149209222
0.0003588268630210223
0.0003616983850776023
0.0003723221873599414
0.000394887979425107
0.00040042534692474874
0.0004074575534929181
0.0004235344240015593
0.00045068722887720014
0.0004901467036972917
0.0005235787099309164
0.0005457656348966111
0.0005743204125252532
0.0005990004721923015
0.0006104866974538936
0.0006171316755256839
0.0006149546974825171
0.0006161201524577109
0.0006143659045534378
0.0006102407216985739
0.0006050438411193682
0.0005938841899819636
0.0005804936914870495
0.0005684373150955935
0.0005474828733440518
0.0005261493931243422
0.000505732822034588
0.0004750151162227212
0.00045051318167566023
0.00042365275142230985
0.000389331558906747
0.00036098920863025796
0.000332950233058682
0.0002931144954914089
0.0002615145769340188
0.0002360990744278979
0.00019595129239746711
0.00016236687919501946
0.00014228062596544078
0.00012008187854917196
8.79657467294237e-05
6.461706772142861e-05
6.473664595318951e-05
6.480503633099488e-05
6.481109319622647e-05
6.481198845165181e-05
6.481215122278172e-05
6.481217263853978e-05
6.481217263853978e-05
6.481217263853978e-05
6.481217263853978e-05
6.481217263853978e-05
6.481217263853978e-05
6.481217263853978e-05
6.481217263853978e-05
6.481217263853978e-05
6.481217263853978e-05
6.481217263853978e-05
6.481217263853978e-05
6.481217263853978e-05
6.481217263853978e-05
6.481217263853978e-05
6.388734763618231e-05
5.6939084799978446e-05
3.870544583151059e-05
1.4919386046585714e-05
2.8800012472629533e-06
-1.9051778537004793e-06
-1.6045793685748322e-05
-4.004735106377666e-05
-7.742284263656529e-05
-0.00011556470394680218
-0.0001440524619340522
-0.00017115283678492688
-0.00021007620571822372
-0.0002479058597657513
-0.00027601784334763124
-0.0003098651093296212
-0.00035052985852246366
-0.00038255982346413475
-0.00041329541718937435
-0.0004529561822721462
-0.0004911192983172441
-0.0005187197804588095
-0.0005501853170244431
-0.0005897873810312149
-0.0006237146285172912
-0.0006476820849456999
-0.0006774790093686534
-0.000719985184261418
-0.0007509369405909183
-0.0007785077466593293
-0.000818637161032143
-0.0008545337224319383
-0.0008792950315381631
-0.0009130292816195151
-0.000949699340509369
-0.0009787003561569918
-0.0010066320043478072
-0.0010443558045238888
-0.0010688797048743481
-0.0010928367437941233
-0.0011236864499579724
-0.0011445033742063515
-0.0011655406417645509
-0.001188640295112009
-0.0012040454098212194
-0.0012192394336238976
-0.0012341674005824643
-0.001241498012987563
-0.001246849716409315
-0.0012560791876836674
-0.0012585919922258881
-0.001258266172015965
-0.0012582613744882565
-0.0012595453282244762
-0.0012601820278206333
-0.0012601716103404215
-0.0012602818162577023
-0.0012606494434663773
-0.0012607925466738834
-0.0012612324108260964
-0.0012614232150980342
-0.001261744511950269
-0.001261879253760867
-0.0012621435286348515
-0.0012623855978546317
-0.0012625794176983618
-0.0012628005148940247
-0.0012630390202303943
-0.0012632128275669174
-0.0012633695009043322
-0.0012636287041232208
-0.001263869950918206
-0.0012640955714857682
-0.0012643686189761638
-0.0012652099671157657
-0.001265566080249414
-0.0012659530346184056
-0.001266226630377787
-0.0012664482758708573
-0.0012666314041069882
-0.0012669015730892852
-0.0012670807262509243
-0.001267247405834837
-0.0012674594562724906
-0.0012676632823769296
-0.0012678033699984326
-0.001268005825409091
-0.0012682089661666396
-0.001268384692494351
-0.001266791504235698
-0.0012648439847851023
-0.0012527205116299456
-0.0012319717807258712
-0.0012148510724472317
-0.001196570734720126
-0.001181607951465935
-0.0011578759848021036
-0.0011325633719820871
-0.0011143634955601556
-0.001089089674124466
-0.0010531349941658164
-0.001029044172923932
-0.0010064054242775455
-0.000980116241748874
-0.0009446785289668469
-0.0009052361196353331
-0.000878618238374429
-0.0008527053185787281
-0.0008191143772933174
-0.0007765684515135263
-0.0007470085931515769
-0.0007219042612973681
-0.0006837952201692588
-0.0006445504687206949
-0.000618145597371722
-0.0005911766060933132
-0.0005521881793413286
-0.00051656216383833
-0.0004979820838570959
-0.00047880680283185484
-0.0004507831450411004
-0.0004174915690953185
-0.00041037304140445485
-0.0004105618923944121
-0.0004105826245535127
-0.00041058498904078533
-0.00041058533172133593
-0.0004105854002744991
-0.0004105854002744991
-0.0004105854002744991
-0.0004105854002744991
-0.0004105854002744991
-0.0004105854002744991
-0.0004105854002744991
-0.0004105854002744991
-0.0004105854002744991
-0.0004105854002744991
-0.0004105854002744991
-0.0004105854002744991
-0.0004105854002744991
-0.0004105854002744991
-0.0004105854002744991
-0.0004105854002744991
-0.0004105854002744991
-0.0004105854002744991
-0.0004105854002744991
-0.0004105854002744991
-0.0004105854002744991
-0.0004105854002744991
-0.0004105854002744991
-0.0004105854002744991
-0.0004105854002744991
-0.0004105854002744991
-0.0004105854002744991
-0.0004105854002744991
-0.0004105854002744991
-0.0004105854002744991
-0.0004105854002744991
-0.0004105854002744991
-0.0004105854002744991
-0.0004105854002744991
-0.0004105854002744991
-0.0004105854002744991
-0.0004105854002744991
-0.0004105854002744991
-0.0004105854002744991
-0.0004105854002744991
-0.0004105854002744991
-0.0004105854002744991
-0.0004105854002744991
-0.0004105854002744991
-0.0004105854002744991
-0.0004105854002744991
-0.0004105854002744991
-0.0004105854002744991
-0.0004105854002744991
-0.0004105854002744991
-0.0004105854002744991
-0.0004105854002744991
-0.0004105854002744991
-0.00041060068377873904
-0.000408150521167272
-0.00039821684231355903
-0.00037763581904926014
-0.0003558707675495043
-0.0003396757066838063
-0.0003131020654194572
-0.0002772499838670228
-0.00023634133211203334
-0.00020566687251744042
-0.0001800182961488872
-0.00015173329337869745
-0.00013308721321436678
-0.00012811723826189336
-0.00012122882024812043
-0.00012546551977266063
-0.00012571467389932423
-0.00012093890433106935
-0.00012329681746336973
-0.00014513625623635562
-0.00016468276261605297
-0.0001648048252462786
-0.00016524510063220532
-0.00016521804603542023
-0.00016523679063595864
-0.0001646555538030725
-0.00015931659808643417
-0.00014104451038576826
-0.0001093612348768147
-7.17289131699772e-05
-5.4178038553232e-05
-5.114245414006291e-05
-5.082617325058436e-05
-6.628978346157055e-05
-0.00010148277127086658
-0.00014471282359806992
-0.00016479553862325247
-0.0001661750487187419
-0.00016616173559214076
-0.00016615423091081993
-0.0001661557729590868
-0.00016615883994575142
-0.0001661625408786449
-0.00016616319199158625
-0.00016616507673461456
-0.00016616972003191677
-0.00016617270135554918
-0.0001661750487187419
-0.00016617693344755935
-0.0001661812340785218
-0.00016618370136711746
-0.00016618553472369513
-0.00016619105187487548
-0.00016619602072864836
-0.0001661986250951486
-0.00016620306280401564
-0.00016620672948874926
-0.0001662120924379451
-0.00016621214382439575
-0.00016621593044874317
-0.00016622170460323105
-0.0001662255083516584
-0.00016623215636002442
-0.0001662340582129218
-0.00016624077474602927
-0.00016624387600927548
-0.00016625011278392776
-0.00016625470469477932
-0.0001662612156110299
