0.09285473823547363
-24391.615234375
1021.5032348632812
342.633544921875
196.7783203125
-385.4059753417969
-555.5059814453125
1239.175048828125
-480.3363037109375
-410.8294372558594
907.4606323242188
-619.1229858398438
-431.67010498046875
1386.4600830078125
-587.3656005859375
-361.7400817871094
559.6679077148438
-122.51580810546875
-173.83709716796875
1057.4674072265625
-694.8612670898438
-180.88372802734375
-114.49343872070312
-438.03466796875
-345.79437255859375
663.0161743164062
-268.61602783203125
-526.2498168945312
-55.37645721435547
649.4563598632812
-296.95831298828125
-1219.5748291015625
-161.14952087402344
6.598512172698975
0.6088504791259766
0.06945457309484482
0.012614416889846325
0.0009260275401175022
0.0007304376922547817
0.0003016791888512671
6.862962618470192e-05
-0.00048068631440401077
0.00038071488961577415
-0.0007137851789593697
0.00022270390763878822
0.0004972780589014292
-0.0002060174010694027
-8.949264883995056e-05
0.00030171938124112785
50.55964279174805
249.90765380859375
444.298583984375
-182.41659545898438
-59.9774169921875
345.75994873046875
-495.8394470214844
-359.9271240234375
18.48948860168457
225.07107543945312
394.1473388671875
457.0026550292969
293.6441955566406
-1214.79345703125
-181.66197204589844
8.628530502319336
50.7390251159668
291.82794189453125
504.6900329589844
-164.55162048339844
339.20977783203125
522.11865234375
332.200927734375
-683.3755493164062
-278.99530029296875
500.897705078125
470.35980224609375
99.4326400756836
-415.55078125
334.60589599609375
745.3499755859375
-1016.0892944335938
-1048.536376953125
301.97430419921875
423.4332275390625
420.4530944824219
-466.5723571777344
-661.432861328125
10.761966705322266
1.7990227937698364
0.11983536928892136
0.024967581033706665
0.002489484613761306
0.004989304579794407
0.0024951559025794268
-1.044987038767431e-05
6.640437732130522e-06
-0.005021645221859217
-0.005015937145799398
-1.0436720913276076e-05
0.002500818809494376
2.9326822757720947
-4.527984142303467
0.5413056015968323
0.845426082611084
0.08006682991981506
0.013757132925093174
0.0012447304325178266
-5.232840976532316e-06
-0.0050107333809137344
-0.0012608941178768873
-0.0025108330883085728
0.002483224496245384
-0.00251084310002625
-1.0942057997453958e-05
0.002494675340130925
-0.002510843565687537
4.949343406224216e-07
-0.0025108400732278824
-0.0025165537372231483
-0.0012609008699655533
0.001244728802703321
-0.0012608930701389909
-1.0947134796879254e-05
-0.001255176612176001
-1.6657577361911535e-05
-0.0025108426343649626
-0.0012494474649429321
-1.0951940566883422e-05
-5.216903900873149e-06
0.005011709872633219
0.005006016232073307
0.00375605677254498
-1.0952024240395986e-05
-0.0012551647378131747
0.002500379690900445
0.0012561674229800701
0.6867443919181824
78.6792221069336
277.97540283203125
384.410400390625
-177.99635314941406
-411.7607116699219
278.3209533691406
330.0325622558594
537.3522338867188
298.05804443359375
-247.07574462890625
-353.66168212890625
127.0285873413086
734.728271484375
-112.15545654296875
-290.8173828125
949.0885009765625
514.8514404296875
-1069.5924072265625
410.93634033203125
735.58447265625
-603.796630859375
-616.673583984375
334.759765625
147.319091796875
-1603.911376953125
175.14027404785156
725.9891967773438
31.906089782714844
-1559.64697265625
3.8775105476379395
295.16119384765625
795.6099243164062
543.6353149414062
-1334.2352294921875
380.0894775390625
902.1211547851562
598.1629638671875
1006.7882690429688
-368.81170654296875
-627.7625732421875
1194.7166748046875
-92.26763916015625
-228.09597778320312
614.3948364257812
-4.72210168838501
-809.2019653320312
1237.658935546875
-331.2890625
-761.4071655273438
1129.9560546875
-463.077392578125
-281.5755615234375
965.366943359375
-813.4202270507812
207.942626953125
241.1203155517578
-1048.4404296875
514.8510131835938
210.52784729003906
-780.80712890625
198.30296325683594
387.5510559082031
-554.4971923828125
-166.0774383544922
469.1778564453125
-138.47137451171875
-746.0955810546875
183.58132934570312
453.97222900390625
-740.9197387695312
-730.4033813476562
10.472233772277832
1.5897191762924194
0.1611873060464859
0.03173813223838806
0.003738770494237542
0.001140001229941845
3.921333700418472e-05
-0.0003725523129105568
-1.0443296559969895e-05
-6.0107558965682983e-05
3.920099698007107e-05
0.0004654480144381523
-6.0112448409199715e-05
0.00015302561223506927
-0.0003228876448702067
8.885841816663742e-05
-0.00010976986959576607
0.00030200014589354396
0.0002026609145104885
70.96005249023438
256.9199523925781
492.06475830078125
113.74327850341797
-667.0764770507812
-10.924050331115723
432.5939025878906
432.4447326660156
316.4931335449219
191.98577880859375
-515.6830444335938
-23.250225067138672
841.354736328125
-361.8700866699219
-362.73272705078125
305.6853332519531
200.68212890625
-432.3033447265625
-71.4900894165039
549.5182495117188
-110.25654602050781
-493.4681396484375
439.31463623046875
82.3991470336914
-391.82940673828125
-304.690673828125
628.2490844726562
530.8538818359375
-759.0478515625
50.25248718261719
684.8328857421875
-564.4910278320312
-155.8057403564453
414.8267822265625
441.08221435546875
-829.7464599609375
574.8365478515625
269.316650390625
-522.7216796875
375.992431640625
683.3887329101562
-945.61962890625
444.3266906738281
320.765869140625
-949.9393920898438
644.7755126953125
-246.0572967529297
-801.2532348632812
184.184326171875
331.0609130859375
-1066.207275390625
-279.3197021484375
563.8775634765625
193.86163330078125
-957.4768676757812
58.21794128417969
389.6236267089844
273.5525817871094
52.856224060058594
561.147216796875
427.8555908203125
-681.6148681640625
-134.47093200683594
827.5008544921875
184.30996704101562
-628.9281005859375
192.83274841308594
74.65213012695312
-612.1130981445312
368.04559326171875
630.191162109375
-426.40753173828125
-192.57337951660156
214.7368621826172
90.86853790283203
-324.44842529296875
167.47674560546875
237.29693603515625
-538.2117919921875
217.9807891845703
599.2151489257812
-724.759033203125
3.9393532276153564
360.8070373535156
-313.6083984375
-362.501708984375
951.4351196289062
-220.88255310058594
-744.781005859375
683.12255859375
604.3878784179688
-984.0164184570312
177.047119140625
961.7115478515625
-836.3331298828125
-40.73554229736328
210.1591033935547
-208.3526153564453
-403.1796875
707.2774047851562
-5.845283508300781
-480.8233642578125
-320.1332092285156
378.2787170410156
104.30839538574219
-87.64120483398438
-366.7220153808594
122.83650207519531
374.7183837890625
56.77345275878906
-515.4492797851562
53.35075378417969
552.3922119140625
-54.564247131347656
-481.6512451171875
129.00767517089844
361.11468505859375
-163.9956512451172
-549.9585571289062
78.16323852539062
321.933837890625
11.438872337341309
-1024.68505859375
-79.32769775390625
3.915553092956543
0.38097184896469116
0.04379301518201828
0.008728438057005405
-0.004911483731120825
-0.0011928824242204428
-0.002473907545208931
-3.6348821595311165e-05
-3.634602762758732e-05
0.0024323430843651295
0.001213555340655148
0.0024323370307683945
-0.0011928859166800976
-0.0012551236432045698
-3.635138273239136e-05
-3.6341603845357895e-05
0.0012757936492562294
0.0012135591823607683
0.00124467967543751
-3.63450963050127e-05
0.0024945761542767286
-0.0012551246909424663
-0.0012240064097568393
0.0012135558063164353
2.5894027203321457e-05
-0.004911472089588642
-0.0024427901953458786
0.0012135544093325734
0.00121355801820755
-0.002473908243700862
-0.002411668188869953
-0.0012240082724019885
0.00243233609944582
-0.0012551246909424663
0.0024012168869376183
2.5900080800056458e-05
0.0012757957447320223
-0.0011928821913897991
-0.0012551351683214307
0.001244684448465705
-0.0012240140931680799
-0.0036615701392292976
-0.0012240055948495865
-0.0012240053620189428
0.002494576619938016
-5.222833351581357e-06
0.0012135591823607683
0.0011824341490864754
-0.0012551291147246957
0.002432343317195773
0.0011824294924736023
-0.00366156711243093
-0.0011928894091397524
0.0012135586002841592
0.0012446788605302572
0.001213556039147079
-0.8480736613273621
143.8168487548828
307.0389099121094
359.28863525390625
-92.4350357055664
-80.42161560058594
264.5836486816406
491.3514709472656
348.6790466308594
-681.519775390625
235.55667114257812
405.45379638671875
-164.48268127441406
-353.460205078125
565.9641723632812
-13.527091979980469
-391.18450927734375
-190.9727020263672
125.15017700195312
356.05621337890625
-319.8202819824219
-484.15740966796875
10.668582916259766
-14.176785469055176
9.291301727294922
123.04122924804688
131.63198852539062
283.64251708984375
290.6474304199219
54.80717468261719
-507.58612060546875
-154.48782348632812
306.2325744628906
301.13812255859375
438.60455322265625
22.669036865234375
-520.8040161132812
-291.44427490234375
-48.06608200073242
0.4778953194618225
0.27941498160362244
0.029119661077857018
0.07381602376699448
-0.005482733249664307
0.10986167192459106
-0.015111684799194336
0.06736516952514648
0.030530501157045364
0.06922411918640137
0.05492442846298218
-0.01680651307106018
0.05540013313293457
0.0897461473941803
0.03995169326663017
0.023850858211517334
0.07312601804733276
-0.0029537081718444824
0.020139575004577637
0.02520960569381714
0.0419468879699707
0.06567615270614624
0.0009877681732177734
0.07771005481481552
0.007036864757537842
0.053823187947273254
0.025158286094665527
0.03955969214439392
0.020956292748451233
-0.04226849228143692
