-0.019339490681886673
24467.08984375
-217.925048828125
-750.2451782226562
-875.96044921875
-807.251220703125
-726.4721069335938
-283.373046875
-884.5143432617188
-96.09323120117188
19.403120040893555
-335.30670166015625
-107.48394775390625
-184.0665283203125
-550.853759765625
-215.7325897216797
-287.50396728515625
-258.00323486328125
-435.21929931640625
-194.595703125
-420.5924072265625
-240.13784790039062
-221.9216766357422
-212.24639892578125
-139.94976806640625
-88.4349365234375
-170.44485473632812
-156.85693359375
18.988361358642578
-39.3114013671875
30.020843505859375
12.1134033203125
2.4808502197265625
-0.052803993225097656
-0.0034114718437194824
0.0017598047852516174
0.009420854970812798
-4.371290560811758e-05
0.002468138700351119
-1.4571007341146469e-05
-0.005009132903069258
0.010032836347818375
-0.005023703910410404
0.005038274452090263
0.004994561895728111
-0.002526422729715705
0.002511851955205202
0.00500913243740797
-1.4571007341146469e-05
-1.145843505859375
-4.6056976318359375
-5.202301025390625
4.1165313720703125
0.996246337890625
-2.401336669921875
1.01068115234375
0.014007568359375
0.05213356018066406
-0.123504638671875
-0.150848388671875
-1.53045654296875
-14.057159423828125
-30.6256103515625
-5.962493896484375
-1.9685063362121582
0.59375
3.1131591796875
-15.722686767578125
-70.407958984375
-55.79051208496094
-211.18594360351562
-277.8333740234375
-450.52813720703125
-167.03179931640625
-66.91455841064453
-311.17547607421875
-373.15966796875
461.4706115722656
299.98992919921875
-376.82476806640625
-657.0306396484375
28.042064666748047
50.8899040222168
35.85806655883789
-3.3255789279937744
-42.15332794189453
-4.554951190948486
0.30296385288238525
0.034493666142225266
0.005463085602968931
0.00022636234643869102
2.207271973020397e-05
4.4839962356491014e-05
-0.0006029027863405645
-7.02229783655639e-07
-0.001875623594969511
0.001203700085170567
0.0005787269910797477
-7.013461527094478e-07
-0.0012278788490220904
-0.5481436252593994
0.8685373067855835
-0.19197677075862885
-0.093419149518013
-0.014876661822199821
-0.002993820235133171
1.1438781257311348e-05
-1.7763568394002505e-15
0.0005792187293991446
0.0006135350558906794
0.0006020962609909475
0.0012728251749649644
0.0006020962027832866
0.0006249738507904112
2.2877562514622696e-05
0.0006020962609909475
-0.0006249737925827503
0.0006020962609909475
0.001227069995366037
0.0006135350558906794
1.1438781257311348e-05
0.0006135350558906794
0.0006249737925827503
-1.1438780347816646e-05
0.0012499475851655006
0.0006020962027832866
-0.0006364125874824822
0.0006249737925827503
-1.7763568394002505e-15
-0.0018291664309799671
-0.001204192521981895
-0.001215631258673966
0.0006249737925827503
-1.1438780347816646e-05
-0.0006020962609909475
-0.0012385088484734297
0.01311120018362999
0.930070161819458
2.150026321411133
-5.373540878295898
-71.87568664550781
-25.274028778076172
-6.8038105964660645
-6.0953264236450195
-135.29693603515625
-279.3333740234375
-283.2834777832031
-205.58758544921875
-142.850341796875
-124.62213134765625
-736.3167724609375
83.71188354492188
485.23638916015625
-340.82257080078125
-158.31365966796875
114.75164794921875
-45.0562744140625
30.9476318359375
-12.3585205078125
4.20758056640625
-2.9064788818359375
-2.3804931640625
0.9801025390625
0.11651611328125
-0.5534381866455078
-0.003173828125
0.019071578979492188
-0.285919189453125
-0.191650390625
6.46026611328125
-44.87744140625
-3.02716064453125
11.60589599609375
-98.22222900390625
-22.0460205078125
-681.1599731445312
-501.4293212890625
-255.0361328125
-777.708984375
-844.7116088867188
-559.8126831054688
-691.2127075195312
169.34774780273438
-124.7464599609375
-250.0011749267578
-270.52001953125
-219.42938232421875
-429.92047119140625
-236.19332885742188
-301.1944580078125
-424.882080078125
-280.0525817871094
-256.46087646484375
-280.7705078125
-130.19769287109375
-216.195068359375
-199.1806640625
-72.25057983398438
-157.58480834960938
-191.70166015625
-101.51539611816406
-19.900390625
-126.84074401855469
37.8681640625
-11.505462646484375
-16.878143310546875
9.79986572265625
-2.072998046875
-0.10304737091064453
-0.02158212661743164
0.0017960220575332642
-0.005632162094116211
-7.448834367096424e-05
-0.005023842677474022
0.0024995068088173866
-0.0024932995438575745
0.0
-0.0024995068088173866
0.0024995068088173866
-0.007510935887694359
-0.0024995068088173866
-0.007504728157073259
6.2073522713035345e-06
0.004999013617634773
-0.004999013617634773
-6.207323167473078e-06
-0.005005220882594585
-0.244598388671875
-0.475341796875
-0.15301513671875
-3.7097320556640625
0.71630859375
0.06760692596435547
0.843963623046875
-1.22186279296875
0.09259033203125
-1.9881439208984375
1.416259765625
-0.2458515167236328
0.07232666015625
-0.037811279296875
-0.702911376953125
-0.427032470703125
0.5029144287109375
-0.516204833984375
0.26483154296875
0.00836181640625
0.008453369140625
-0.06646728515625
0.65301513671875
-0.0266571044921875
-1.42437744140625
0.049652099609375
-15.22650146484375
-19.8402099609375
-137.859619140625
-58.49769592285156
-31.513916015625
-179.35104370117188
-64.06715393066406
8.764801025390625
-243.17068481445312
13.935455322265625
-146.3184051513672
22.514633178710938
-316.7267150878906
-182.2694854736328
-38.90434265136719
-409.9483337402344
-136.6951446533203
-216.06776428222656
-357.3914794921875
-103.01385498046875
-171.20916748046875
-228.71987915039062
-94.57447814941406
47.47835922241211
-203.65553283691406
-47.60614013671875
-11.790596008300781
24.27394676208496
3.7868525981903076
-10.080650329589844
-3.7353546619415283
-0.9616779088973999
-8.101988792419434
3.9066879749298096
-13.078451156616211
8.446017265319824
-5.162099838256836
1.4614603519439697
-2.4897525310516357
0.9991459846496582
0.3501083552837372
-0.9475592374801636
-0.4109855890274048
0.10018111020326614
0.6586434245109558
0.048421721905469894
2.566023111343384
1.1952388286590576
19.344560623168945
-9.818052291870117
-4.025206089019775
-7.105952739715576
-1.1747193336486816
-1.5484176874160767
0.4277367889881134
-2.1432888507843018
-0.07142367213964462
0.04718168452382088
-0.00029436792829073966
-0.0692862719297409
-0.04924356937408447
-0.32588112354278564
1.5372525453567505
-65.19786071777344
-8.754683494567871
-1005.041015625
-311.1177978515625
227.3781280517578
-141.16456604003906
-0.3349876403808594
-167.30001831054688
-151.75502014160156
-141.46591186523438
-21.880889892578125
-254.63668823242188
-165.76914978027344
-102.0701904296875
7.8099212646484375
-55.836341857910156
-280.23223876953125
71.66604614257812
-68.6895980834961
-128.56167602539062
149.59449768066406
-143.34210205078125
-19.678565979003906
71.56829833984375
-122.2160873413086
82.39556884765625
-11.3609619140625
-19.30078125
44.03125
-40.701751708984375
12.083053588867188
-4.349212646484375
1.224111557006836
7.085693359375
0.6726303100585938
-0.058727264404296875
-0.0047407448291778564
0.006954804062843323
-0.00010892283171415329
0.007561660371720791
0.005015172995626926
0.0025309270713478327
-0.0024998062290251255
-0.0024998062290251255
-0.0050307330675423145
-0.002515366766601801
-0.005030733533203602
0.005015172995626926
1.5560421161353588e-05
-0.0024998062290251255
-0.0024998062290251255
0.00248424569144845
-0.002515366766601801
-1.5560421161353588e-05
-0.0024998062290251255
-3.112060949206352e-05
1.5560421161353588e-05
0.0025153663009405136
-0.002515366766601801
0.0024998062290251255
0.007561660371720791
0.005030733533203602
-0.002515366766601801
-0.002515366766601801
0.0025309273041784763
0.007530538365244865
0.002515366766601801
-0.005030733533203602
1.5560421161353588e-05
-0.00753053929656744
0.0024998062290251255
0.0024842459242790937
0.005015172995626926
1.5560421161353588e-05
-1.556030474603176e-05
0.0025153665337711573
0.0075460998341441154
0.0025153665337711573
0.002515366766601801
-3.1120842322707176e-05
0.0
-0.0025153665337711573
-0.005015172529965639
1.5560421161353588e-05
-0.0050307330675423145
-0.005015172995626926
0.007546100299805403
0.005015172995626926
-0.002515366766601801
-1.5560421161353588e-05
-0.002515366766601801
0.018216073513031006
-0.648223876953125
-0.816375732421875
-0.321868896484375
0.47454833984375
0.43595123291015625
-0.197540283203125
-16.057952880859375
-25.237548828125
-396.712646484375
-288.998779296875
-185.05035400390625
-602.8182373046875
-323.56072998046875
-19.061019897460938
-367.95172119140625
143.15756225585938
69.45884704589844
-106.84237670898438
-193.050537109375
-160.91282653808594
-162.81918334960938
17.538198471069336
-3.6364479064941406
1.8830490112304688
56.03363800048828
82.21229553222656
117.61199951171875
190.5567626953125
138.81500244140625
-96.7005615234375
-101.80337524414062
-153.24986267089844
-325.34765625
-357.46844482421875
-390.4979248046875
-101.71939086914062
27.063217163085938
-8.819271087646484
-0.7331387996673584
-0.08492836356163025
-0.08921562135219574
-0.07943699508905411
-0.41334646940231323
0.6426291465759277
-0.7560333609580994
0.7470955848693848
-0.023349005728960037
-1.2136415243148804
0.8462212085723877
-0.4679007828235626
-0.029947008937597275
-0.3506484031677246
-0.045336268842220306
0.020690515637397766
-0.023667611181735992
-0.4614180028438568
0.6454435586929321
-0.9532527327537537
0.7120682001113892
-0.759038507938385
0.6168705821037292
-0.029623202979564667
-0.4669352173805237
0.11757121980190277
-0.695672869682312
0.3743981122970581
0.2008453905582428
-0.2253018617630005
