-0.0005611756499490639
-0.0005674002280784407
-0.0005668010862365236
-0.0005575656523149064
-0.000542926838789981
-0.0005246252891879521
-0.0005018619763319521
-0.0004918551695283213
-0.0004897345966412558
-0.0004897868896165392
-0.0004897911045702585
-0.000489791755668989
-0.0004897917899313597
-0.0004897918241937305
-0.0004897918241937305
-0.0004897918241937305
-0.0004897749985985911
-0.0004863786277411464
-0.00047488112831217677
-0.0004557024547295896
-0.0004442484756879139
-0.0004303929260345285
-0.0004072154843015596
-0.0003885983263387516
-0.0003867020718217873
-0.00037633894625344055
-0.00035699294200242093
-0.0003255225736609191
-0.0002835728426617834
-0.0002534457459830719
-0.00024257483707401661
-0.0002249128141897927
-0.00019761726591127626
-0.0001591735634036695
-0.00012089904205936364
-9.138069084713152e-05
-5.4026612502866556e-05
-1.3372528130162209e-05
1.72885829954339e-05
4.016205893719871e-05
7.076164720842826e-05
0.00010962858530660924
0.00014501318268855812
0.0001541797036566095
0.00016021652737663317
0.0001752946738946548
0.00019933801682725516
0.00023517913260207024
0.0002749870959206646
0.00029723351013899446
0.00032602035074091873
0.0003623111998507511
0.00038882559174169273
0.00041313343230342525
0.0004447776422722427
0.00047187503577106327
0.0004907321726079772
0.0005143842262782528
0.0005330478174130349
0.0005467828464560398
0.0005596385583999108
0.0005688359891138361
0.0005728474022106411
0.0005744388427615377
0.0005766219548064555
0.000578588390197865
0.0005775193654073973
0.0005789392260879822
0.0005781388624654937
0.0005782473549800216
0.0005786563779395237
0.0005784409692353165
0.0005787088765316639
0.0005785324648144297
0.0005785931191866212
0.000578534452358781
0.0005785717359430009
0.0005785700910934111
0.0005785380162279807
0.0005785184834650181
0.000578865824010677
0.0005792080243196551
0.0005794389221733809
0.0005798637769487414
0.0005801601266739453
0.0005800925501802112
0.0005802329119291016
0.0005805052055336546
0.0005806380283246426
0.000580777567662949
0.000580971798726182
0.0005810826900187749
0.0005812252449288735
0.0005813969961820931
0.0005814222859754636
0.0005814344168584284
0.0005815244046516455
0.0005815575075303059
0.0005815569592613201
0.0005815569592613201
0.0005815569592613201
0.0005815569592613201
0.0005815569592613201
0.0005815569592613201
0.0005815569592613201
0.0005815569592613201
0.0005815569592613201
0.0005815569592613201
0.0005815569592613201
0.0005815569592613201
0.0005815569592613201
0.0005815569592613201
0.0005815569592613201
0.0005815569592613201
0.0005815569592613201
0.0005815569592613201
0.0005815569592613201
0.0005815569592613201
0.0005815569592613201
0.0005815569592613201
0.0005815569592613201
0.0005815569592613201
0.0005815569592613201
0.0005815569592613201
0.0005815569592613201
0.0005815569592613201
0.0005815569592613201
0.0005815569592613201
0.0005815569592613201
0.0005815569592613201
0.0005815569592613201
0.0005815569592613201
0.0005815569592613201
0.0005815569592613201
0.0005815569592613201
0.0005815569592613201
0.0005815569592613201
0.0005815569592613201
0.0005815569592613201
0.0005815569592613201
0.0005815569592613201
0.0005815569592613201
0.0005815569592613201
0.0005815569592613201
0.0005815569592613201
0.0005815569592613201
0.0005815569592613201
0.0005815569592613201
0.0005815569592613201
0.0005815569592613201
0.0005815569592613201
0.0005815569592613201
0.0005815569592613201
0.0005815569592613201
0.0005815569592613201
0.0005815569592613201
0.0005815569592613201
0.0005815569592613201
0.0005815569592613201
0.0005815569592613201
0.0005815569592613201
0.0005815569592613201
0.0005815569592613201
0.0005815569592613201
0.0005815668969830767
0.0005816454392402193
0.000581836860334306
0.0005820782442071959
0.0005821601447308922
0.0005816892337549007
0.000579919976473775
0.0005725541708443416
0.0005512883699481108
0.0005291222456662581
0.00049728678595784
0.00046154456765634677
0.00043798466066391484
0.0004036699105114394
0.0003642343890533084
0.00033105370438590853
0.0003066292497919676
0.0002758668756541738
0.00023689769035684094
0.00020127825432325608
0.00017513118120859872
0.00015107491925903105
0.00011409638831594293
9.29280284935885e-05
8.798827792588781e-05
7.285489994046657e-05
5.368193629351481e-05
5.3328663113916264e-05
5.339579413998763e-05
5.340219369998067e-05
5.340330311298658e-05
5.340342733006764e-05
5.340348302240727e-05
5.340347017579461e-05
5.340347017579461e-05
5.340347017579461e-05
5.340347017579461e-05
5.340347017579461e-05
5.340347017579461e-05
5.340347017579461e-05
5.340347017579461e-05
5.340347017579461e-05
5.340347017579461e-05
5.340347017579461e-05
5.340347017579461e-05
5.340347017579461e-05
5.340347017579461e-05
5.340347017579461e-05
5.340347017579461e-05
5.340347017579461e-05
5.340347017579461e-05
5.340347017579461e-05
5.340347017579461e-05
5.340347017579461e-05
5.340347017579461e-05
5.340347017579461e-05
5.340347017579461e-05
5.340347017579461e-05
5.340347017579461e-05
5.340347017579461e-05
5.340347017579461e-05
5.340347017579461e-05
5.340347017579461e-05
5.340347017579461e-05
5.340347017579461e-05
5.340347017579461e-05
5.340347017579461e-05
5.340347017579461e-05
5.340347017579461e-05
5.340347017579461e-05
5.340347017579461e-05
5.340347017579461e-05
5.340347017579461e-05
5.340347017579461e-05
5.340347017579461e-05
5.340347017579461e-05
5.340347017579461e-05
5.340347017579461e-05
5.340347017579461e-05
5.340347017579461e-05
5.340347017579461e-05
5.340347017579461e-05
5.340347017579461e-05
5.340347017579461e-05
5.340347017579461e-05
5.340347017579461e-05
5.340347017579461e-05
5.340347017579461e-05
5.340347017579461e-05
5.340347017579461e-05
5.340347017579461e-05
5.340347017579461e-05
5.340347017579461e-05
5.340347017579461e-05
5.340347017579461e-05
5.340347017579461e-05
5.340347017579461e-05
5.340347017579461e-05
5.340347017579461e-05
5.340347017579461e-05
5.340347017579461e-05
5.340347017579461e-05
5.340347017579461e-05
5.340347017579461e-05
5.340347017579461e-05
5.340347017579461e-05
5.340347017579461e-05
5.340347017579461e-05
5.340347017579461e-05
5.340347017579461e-05
5.340347017579461e-05
5.340347017579461e-05
5.340347017579461e-05
5.340347017579461e-05
5.340347017579461e-05
5.340347017579461e-05
5.340347017579461e-05
5.340347017579461e-05
5.340347017579461e-05
5.340347017579461e-05
5.340347017579461e-05
5.161976464762574e-05
4.266726026003198e-05
2.525889344440202e-05
1.896473662554854e-07
-4.0329430248675635e-06
-9.709524320555829e-06
-2.560872911772094e-05
-4.82219074058321e-05
-8.913138159982736e-05
-0.00013092291433736136
-0.00016158954366574108
-0.000179340714808518
-0.00020310060988038003
-0.00023465346134798892
-0.0002468065934522201
-0.0002471089401012705
-0.0002491944225653242
-0.000250526025979525
-0.00025145410646132405
-0.00025311034784181174
-0.00025202059090645434
-0.0002530887418572547
-0.00025361455017502976
-0.0002518087803338176
-0.0002534256820609926
-0.0002530127525659509
-0.0002515842734709395
-0.000254949614685529
-0.0002535065888338295
-0.0002531152138942616
-0.0002557890266814411
-0.0002527787877255605
-0.00024966738961040846
-0.00025694869033543455
-0.00027151574666106626
-0.00028413994394327347
-0.000297740882274411
-0.0003116000643217376
-0.00032208305935910175
-0.0003439596189735994
-0.0003629129118394303
-0.0003675860401557429
-0.00036746007097576694
-0.0003702002094598811
-0.00037762231745830377
-0.00037782823390841713
-0.00037783076975017593
-0.00037783974796923303
-0.000377836218362404
-0.00037784115295380616
-0.0003778450252411858
-0.00037785040531446157
-0.0003778429006189299
-0.00037785013117286326
-0.0003778627760624431
-0.0003778633928988029
-0.000377866305683483
-0.0003778583212152853
-0.00037785619660724024
-0.0003778530096809618
-0.000377858252676333
