0.000979618053484049
0.0009925782828650218
0.000997450919541029
0.0010094966043090188
0.001015237112570323
0.0010165869979643063
0.0010069598121698585
0.0009984120001096638
0.0009971443579362724
0.0009971998721101719
0.0009972039157351844
0.0009972046696313732
0.0009972048067034074
0.0009972048752394246
0.0009972048752394246
0.0009972048752394246
0.0009971989126059317
0.0009964901816524802
0.0009940053398143273
0.0009895253459806298
0.0009885162216639659
0.0009880361953997774
0.000986280713856241
0.0009855116712076887
0.0009855037210296982
0.000985462119667282
0.0009852263557682517
0.0009854527987689483
0.000984995115246354
0.0009853822752072907
0.000985439365709585
0.0009854806929279324
0.0009856378460152803
0.0009858823139884901
0.000986111429893856
0.0009863249195873093
0.000986585699132603
0.0009868526469194413
0.000987069220733667
0.0009872278816133923
0.0009874418510589658
0.0009875380756270585
0.0009876011287628457
0.000987621415423925
0.0009876695277079713
0.000987786792833332
0.0009879417527681308
0.000985883958852902
0.0009733402913842277
0.0009546790304878349
0.0009412173916053196
0.0009227175330293385
0.0009082481405505027
0.0008929323967957581
0.0008698550176336608
0.0008447115516982582
0.00082322379691817
0.0007907806968670903
0.0007600851281815564
0.0007325640792748564
0.0006968756617392166
0.0006604453418178199
0.0006365374431997777
0.0006024307684041736
0.0005615053767253041
0.0005294265798734384
0.0005045941303839079
0.0004729034187292108
0.0004318816311422058
0.0003983440794330982
0.0003747759138521182
0.0003466811842137804
0.00030384531678856734
0.0002703577449699737
0.00024495151194477973
0.00021642294931781917
0.00017768848276751188
0.0001457115989731632
0.0001192899191837224
8.164701721172023e-05
4.143380898816668e-05
1.3562501411394147e-05
-1.117836147082994e-05
-4.850331629222473e-05
-7.974447450936298e-05
-8.3445959157138e-05
-9.137161838755873e-05
-0.00010952228595610955
-0.00012178149468556124
-0.0001351893156606016
-0.00015483432541330474
-0.0001657263434044402
-0.00017971572675309173
-0.00019599251680846248
-0.00019825598731118855
-0.00020025523433375857
-0.00020905563588519664
-0.00021175921042211566
-0.0002117077227392242
-0.00021170340497014313
-0.00021170309655806592
-0.00021170309655806592
-0.00021170309655806592
-0.00021170309655806592
-0.00021170309655806592
-0.00021170309655806592
-0.00021170309655806592
-0.00021170309655806592
-0.00021170309655806592
-0.00021170309655806592
-0.00021170309655806592
-0.00021170309655806592
-0.00021170309655806592
-0.00021170309655806592
-0.00021170309655806592
-0.00021170309655806592
-0.00021170309655806592
-0.00021170309655806592
-0.00021170309655806592
-0.00021170309655806592
-0.00021170309655806592
-0.00021170309655806592
-0.00021170309655806592
-0.00021170309655806592
-0.00021170309655806592
-0.00021170309655806592
-0.00021170309655806592
-0.00021170309655806592
-0.00021170309655806592
-0.00021170309655806592
-0.00021170309655806592
-0.00021170309655806592
-0.00021170309655806592
-0.00021170309655806592
-0.00021170309655806592
-0.00021170309655806592
-0.00021170309655806592
-0.00021170309655806592
-0.00021170309655806592
-0.00021170309655806592
-0.00021170309655806592
-0.00021170309655806592
-0.00021170309655806592
-0.00021170309655806592
-0.00021170309655806592
-0.00021170309655806592
-0.00021170309655806592
-0.00021170309655806592
-0.00021170309655806592
-0.00021170309655806592
-0.00021170309655806592
-0.00021170309655806592
-0.00021170309655806592
-0.00021170309655806592
-0.00021170309655806592
-0.00021170309655806592
-0.00021170309655806592
-0.00021170309655806592
-0.00021170309655806592
-0.00021170309655806592
-0.00021170309655806592
-0.00021170309655806592
-0.00021170309655806592
-0.00021170309655806592
-0.00021275192036266963
-0.0002196648228675171
-0.00023782827240326825
-0.00026078208112642604
-0.00027399212428994696
-0.0002915949834733379
-0.0003208792584935132
-0.000358809283542405
-0.0003867232837034919
-0.0004029444910489459
-0.0004229034471622547
-0.0004317129982719836
-0.00043518983042251027
-0.0004344618065802282
-0.0004362664284480681
-0.00043723004484933766
-0.0004368307540133635
-0.00043802053927126107
-0.00043779097788178365
-0.0004382582907147891
-0.0004386626532160331
-0.0004385647837835286
-0.0004388329652186757
-0.000438494911314034
-0.0004385170827155853
-0.0004385887028535175
-0.00043860515149763584
-0.0004386037122412755
-0.0004386037807772927
-0.0004386037807772927
-0.0004386037807772927
-0.0004386037807772927
-0.0004386037807772927
-0.0004386037807772927
-0.0004386037807772927
-0.0004386037807772927
-0.0004386037807772927
-0.0004386037807772927
-0.0004386037807772927
-0.0004386037807772927
-0.0004386037807772927
-0.0004386037807772927
-0.0004386037807772927
-0.0004386037807772927
-0.0004386037807772927
-0.0004386037807772927
-0.0004386037807772927
-0.0004386037807772927
-0.0004386037807772927
-0.0004386037807772927
-0.0004386037807772927
-0.0004386037807772927
-0.0004386037807772927
-0.0004386037807772927
-0.0004386037807772927
-0.0004386037807772927
-0.0004386037807772927
-0.0004386037807772927
-0.0004386037807772927
-0.0004386037807772927
-0.0004386037807772927
-0.0004386037807772927
-0.0004386037807772927
-0.0004386037807772927
-0.0004386037807772927
-0.0004386037807772927
-0.0004386037807772927
-0.0004386037807772927
-0.0004386037807772927
-0.0004386037807772927
-0.0004386037807772927
-0.0004386037807772927
-0.0004386037807772927
-0.0004386037807772927
-0.0004386037807772927
-0.0004386037807772927
-0.0004386037807772927
-0.0004386037807772927
-0.0004386037807772927
-0.0004386037807772927
-0.0004386037807772927
-0.0004386037807772927
-0.0004386037807772927
-0.0004386037807772927
-0.0004386037807772927
-0.0004386037807772927
-0.0004386037807772927
-0.0004386037807772927
-0.0004386037807772927
-0.0004386037807772927
-0.0004386037807772927
-0.0004386037807772927
-0.0004386037807772927
-0.0004386037807772927
-0.0004386037807772927
-0.0004386037807772927
-0.0004386037807772927
-0.0004386037807772927
-0.0004386037807772927
-0.0004386037807772927
-0.0004386037807772927
-0.0004386037807772927
-0.0004386037807772927
-0.0004386037807772927
-0.0004386037807772927
-0.0004386037807772927
-0.0004386037807772927
-0.0004386037807772927
-0.0004386037807772927
-0.0004386037807772927
-0.0004386037807772927
-0.0004386037807772927
-0.0004386037807772927
-0.0004386037807772927
-0.0004386037807772927
-0.0004386037807772927
-0.0004386037807772927
-0.0004386037807772927
-0.0004386037807772927
-0.0004386037807772927
-0.0004386037807772927
-0.00043860566551776455
-0.0004385736249297423
-0.0004385106745979808
-0.0004384432008890868
-0.00043843096721002373
-0.0004384294251496376
-0.00043837127233907735
-0.00043829656808037296
-0.00043693893811645057
-0.00043473218116792437
-0.00042535103967508107
-0.00041023638059468383
-0.0003949090542530391
-0.0003681299762681132
-0.00033172008007983017
-0.00030432171064384653
-0.00027951131261783724
-0.00024113474114913948
-0.00020039706962127118
-0.0001715001430360799
-0.00014811711037145337
-0.00011296511567512273
-7.368398015094086e-05
-3.92870981576748e-05
-1.6475564851764833e-05
1.8646960428062262e-05
5.550024823761141e-05
9.140456707780841e-05
0.00011668148977262575
0.00014486361996684683
0.0001814791070726056
0.00022368466588200243
0.00025202785571654953
0.0002751781743349093
0.0003055896269613065
0.00034473719435504564
0.0003773444381672234
0.000391700197929608
0.0003934916608821532
0.0003859113375081974
0.0003608894887352453
0.0003345919790748941
0.000333494923048214
0.00032695946552387096
0.00031822523549700086
0.00031840870641493816
0.0003184405756629176
0.00031844938254112264
0.0003184465040284019
0.0003184487314489596
0.0003184485258409081
0.00031845123301358594
0.0003184454759881445
0.0003184477376767108
0.0003184542143303324
0.0003184552081025812
0.0003184530149500321
0.00031844352271165544
0.0003184381083662998
0.00031843344791713293
0.00031843546972963913
