-0.13205575942993164
-52539.16796875
-83.15111541748047
526.670166015625
-352.1290588378906
339.0808410644531
15.02752685546875
-413.29254150390625
-399.5917053222656
-81.64453125
1.9993678331375122
0.17309558391571045
0.02586890570819378
0.006291782483458519
0.004751661792397499
0.0039133476093411446
5.588793754577637
187.0207977294922
422.36151123046875
247.68301391601562
-381.8931579589844
251.1180419921875
250.35226440429688
-405.796875
-382.7386474609375
301.650634765625
503.934814453125
328.4927062988281
503.10675048828125
-530.7864990234375
-838.0158081054688
506.3520202636719
419.82818603515625
376.468017578125
-144.84254455566406
-281.7214660644531
191.5826416015625
195.88600158691406
-293.05523681640625
-410.1015930175781
533.4046630859375
348.7065124511719
-279.7661437988281
-1458.9725341796875
84.3360595703125
692.9564819335938
380.05908203125
609.7138671875
51.91900634765625
-115.892578125
248.91958618164062
389.6881103515625
-529.9624633789062
152.2907257080078
899.0952758789062
-822.5880126953125
30.405792236328125
733.541015625
-585.7110595703125
-59.97660446166992
127.18496704101562
-529.3868408203125
-205.8314666748047
319.3401794433594
64.85221862792969
-462.5570983886719
-52.74361038208008
347.09771728515625
369.3509521484375
-96.3360824584961
-624.238037109375
341.6109924316406
652.2169189453125
-549.1118774414062
-358.5337219238281
668.6093139648438
274.8612060546875
-587.0301513671875
-95.11365509033203
573.698974609375
-94.10903930664062
-518.4607543945312
-47.3941764831543
617.6221923828125
-664.739013671875
-1177.2777099609375
320.3459777832031
381.52374267578125
-237.17227172851562
148.1790008544922
198.45999145507812
-472.1591796875
213.79071044921875
57.27980422973633
-719.781494140625
108.10809326171875
361.08587646484375
-497.87567138671875
-62.529876708984375
2.0432980060577393
0.1630830615758896
-0.003208508249372244
-0.0019331087823957205
-0.0031575793400406837
-0.00193310366012156
-0.0019076339667662978
-0.004483913537114859
-0.0019585632253438234
-0.0006322448025457561
-0.0006067701615393162
-0.0019076390890404582
-0.0006577143794856966
-0.003208508249372244
0.000668629421852529
0.0006940888706594706
-0.0019840379245579243
-0.0019585732370615005
-0.0019076390890404582
-0.0018821797566488385
0.001944028539583087
0.0019185589626431465
-0.0019076442113146186
-0.0019076390890404582
0.0006431648507714272
-0.0006322397966869175
-0.0019076390890404582
0.0006176951574161649
0.003219423582777381
-0.001907649333588779
0.0006176901515573263
-0.0018821746343746781
0.0006176901515573263
-0.0018567100632935762
-0.0018821746343746781
-0.0018821797566488385
-0.0006067701615393162
-0.0006577043095603585
-0.0019331087823957205
0.000668629421852529
-0.0019076442113146186
-0.000657699245493859
-0.00193310366012156
0.001944028539583087
0.0006431598449125886
-0.0018821746343746781
0.0005922255804762244
0.001944028539583087
-0.0019331087823957205
1.8192280549556017e-05
0.0018421551212668419
-0.003208503592759371
-0.0018821746343746781
-0.003183043794706464
-0.0006322347326204181
0.0006431648507714272
-0.0006067701615393162
-0.001257202122360468
1.8197286408394575e-05
-0.0006322397966869175
-7.282418664544821e-06
-0.000657699245493859
-0.0019076390890404582
-0.0012572122504934669
-0.009262035600841045
71.97457122802734
408.2752380371094
589.1282348632812
-28.748023986816406
-290.8188781738281
272.958251953125
575.946044921875
944.9721069335938
-485.8834228515625
-299.40972900390625
1061.1304931640625
-525.3289794921875
-301.0072326660156
405.05792236328125
-53.35209274291992
-334.7002868652344
-373.48358154296875
446.7388000488281
542.4625854492188
-330.7681884765625
-528.4952392578125
461.92132568359375
166.9883270263672
-929.9064331054688
-503.3468933105469
452.283203125
73.57012176513672
-793.2966918945312
7.582715034484863
1.6438064575195312
0.18298152089118958
0.03154437616467476
0.0037447637878358364
0.0007760288426652551
0.0003130105324089527
-0.0003205871907994151
0.00015389372128993273
-0.0006359661929309368
0.0003130105324089527
0.0009437864646315575
0.0006341496482491493
0.0003101357724517584
-1.0971445590257645e-05
-2.3510074242949486e-06
0.0003072821709793061
0.0006226323312148452
-0.00032059603836387396
5.445908755064011e-07
-0.0006331139011308551
-5.232529474596959e-06
-5.215697456151247e-06
0.00015677721239626408
0.00031301635317504406
0.0003101553302258253
0.0006255288608372211
-8.11973586678505e-06
0.00014816084876656532
-0.00032347836531698704
-0.00032346928492188454
-0.0003234660252928734
-0.0009513632394373417
0.00015391234774142504
-0.00016723177395761013
0.00030727245029993355
-5.221148967393674e-06
-5.2282643991929945e-06
-2.3456523194909096e-06
-0.0006359836552292109
-0.0006302123074419796
-0.00016434851568192244
-0.00016435212455689907
-2.3551983758807182e-06
0.0006284029223024845
0.000148145598359406
0.0006197841721586883
-0.0006359885446727276
-0.0003234653268009424
0.0001481503713876009
-5.231094291957561e-06
-0.00016434735152870417
0.0001510264992248267
-0.0001672182697802782
-8.103321306407452e-06
-5.230989700066857e-06
0.00015389674808830023
-2.340995706617832e-06
-0.00032347720116376877
-0.00047684775199741125
-0.00016722711734473705
0.00015102610632311553
0.00015102072211448103
0.00014815316535532475
-0.00016146668349392712
-5.24563711223891e-06
-5.211931238591205e-06
0.0006312867626547813
-0.00016436167061328888
-0.000320610124617815
-5.211245024838718e-06
0.00015388953033834696
-0.0001585956197232008
-0.00015859026461839676
0.0003101341426372528
-0.00016721594147384167
0.00015102370525710285
0.00015389255713671446
-0.0001614685170352459
0.00047214748337864876
0.00015102641191333532
0.0006255197804421186
-5.219837476033717e-06
0.00031300983391702175
-8.086208254098892e-06
0.00015676533803343773
-0.0003205937100574374
0.00015677278861403465
-0.0003177201724611223
-1.098262146115303e-05
0.00030728051206097007
-8.11018981039524e-06
0.1996789574623108
80.62387084960938
270.7362365722656
336.059814453125
131.1859893798828
-796.6122436523438
174.4449005126953
400.4258728027344
246.65975952148438
426.06744384765625
5.546627044677734
-168.70416259765625
-231.94505310058594
116.23725128173828
557.3411254882812
51.69118881225586
-319.7191162109375
-68.51866149902344
585.9861450195312
-195.24668884277344
-465.3062744140625
-9.80756664276123
324.3497619628906
52.62853240966797
-153.6282196044922
-174.49635314941406
261.36688232421875
132.72195434570312
-205.96737670898438
-206.62132263183594
46.66777801513672
202.9701385498047
-153.85311889648438
-119.5971908569336
83.97274780273438
179.98590087890625
-97.34223175048828
87.57154846191406
-317.8255615234375
-103.69464111328125
235.17572021484375
218.7645263671875
-98.04801940917969
-427.4439697265625
158.2779083251953
7.404064178466797
-177.194091796875
1.6577324867248535
0.6403324604034424
0.4051513671875
0.2977008819580078
0.3839678168296814
0.28025829792022705
0.34593722224235535
0.3458974063396454
0.28556081652641296
0.37683525681495667
0.28891974687576294
0.3561232089996338
0.32863059639930725
0.298108845949173
0.2929559350013733
