0.6192834377288818
-16399.640625
-155.52980041503906
-280.3700256347656
-372.5740966796875
-182.8737335205078
-454.30816650390625
-132.54544067382812
98.28207397460938
11.431640625
-1.1125907897949219
-0.08045746386051178
-0.02313532866537571
-0.003211564850062132
0.0015453435480594635
-0.003981631714850664
0.2831149101257324
9.731124877929688
12.19134521484375
1.720611572265625
70.230712890625
22.839599609375
-4.38330078125
36.139495849609375
0.902740478515625
5.5025634765625
1.9510498046875
19.258819580078125
-14.1978759765625
31.84857177734375
-3.95758056640625
-0.62493896484375
1.94744873046875
0.3553466796875
-0.219482421875
1.703765869140625
-0.206695556640625
-0.4073333740234375
0.565582275390625
-0.092803955078125
0.07470703125
-5.78277587890625
-2.1978759765625
1.183349609375
1.071014404296875
0.82757568359375
-0.394561767578125
-74.5782470703125
-442.7066650390625
-657.4646606445312
322.94549560546875
-48.8760986328125
-52.34857177734375
-126.65090942382812
-140.25775146484375
-388.7398681640625
-219.41737365722656
-208.99942016601562
-281.13653564453125
-188.16278076171875
-241.5169219970703
-203.09823608398438
-102.88742065429688
-129.35922241210938
14.657684326171875
-20.33692169189453
-66.10858154296875
48.91064453125
-54.133567810058594
27.908933639526367
9.678489685058594
-14.015575408935547
11.791101455688477
-18.875568389892578
8.774260520935059
-4.01107120513916
4.485440254211426
-1.9684045314788818
-0.45475536584854126
0.35361790657043457
15.574384689331055
7.4593000411987305
-2.76387357711792
1.5666999816894531
-6.286924362182617
-12.02163028717041
2.374704360961914
1.1949577331542969
-1.5261645317077637
-0.0715024471282959
-0.17492413520812988
0.2311859130859375
-0.03960609436035156
0.25312864780426025
-0.11815643310546875
-0.10470402240753174
0.3765101432800293
-0.07799148559570312
-0.05800044536590576
0.004175804555416107
-0.00416968297213316
-0.007475692313164473
-0.004988555796444416
-0.0024759515654295683
-0.004988555796444416
-0.0024886862374842167
-0.00996282510459423
-0.007488427218049765
-1.5515715858782642e-06
0.0024983184412121773
-0.0024886862374842167
-0.0025014211423695087
-0.007475692313164473
0.004985453560948372
0.007485324051231146
-0.009988294914364815
-0.007488427218049765
-0.0024886862374842167
1.1183243259438314e-05
0.007472589612007141
0.004972719121724367
-0.0024886862374842167
-0.0024886862374842167
0.002485583769157529
-1.5515588529524393e-06
-0.0024886862374842167
-1.4286371879279613e-05
0.009959723800420761
-0.0024886862374842167
-1.4286384612205438e-05
1.1183254173374735e-05
-1.4286384612205438e-05
0.0025110533460974693
1.1183254173374735e-05
1.1183243259438314e-05
0.0024983184412121773
-0.0025014211423695087
-0.004988555796444416
0.004985453560948372
-0.0024886862374842167
-0.0025014211423695087
-0.004988555796444416
0.007472589612007141
0.002485583769157529
1.1183254173374735e-05
-0.002514155814424157
0.007472589612007141
-0.004988555796444416
0.0024919509887695312
-0.002526890719309449
-0.007475692313164473
1.1183254173374735e-05
-0.004975820891559124
-1.55154634740029e-06
0.002485583769157529
0.0024983184412121773
4.815859483642271e-06
0.0024919509887695312
-1.5515588529524393e-06
-7.918990377220325e-06
-0.0025014211423695087
-0.0024886862374842167
4.815834927285323e-06
-0.0024118605069816113
0.02260279655456543
0.07866191864013672
-0.06678104400634766
-0.01569998264312744
-7.151126861572266
-16.61149787902832
-36.480010986328125
-135.063232421875
-1081.328857421875
-414.3025817871094
-78.5831298828125
-715.016845703125
-217.63015747070312
-197.49105834960938
61.115360260009766
-52.2645263671875
-19.343536376953125
25.359375
-36.7369384765625
34.38494873046875
-3.94451904296875
-15.33270263671875
6.9425201416015625
-30.73419189453125
-0.027862548828125
2.157501220703125
-0.23760223388671875
-1.1705322265625
0.01744556427001953
0.0012812614440917969
0.00167064368724823
-0.0011774096637964249
8.624279871582985e-06
1.796637661755085e-06
-0.0024992749094963074
0.001249278080649674
-0.0012496373383328319
0.0024985559284687042
-0.0024992749094963074
-0.004997830837965012
-0.006248545832931995
-0.0012492779642343521
0.002499993424862623
-0.0012499967124313116
7.186899892985821e-07
-0.0012485592160373926
0.0012492779642343521
-0.0024999931920319796
0.0012485593324527144
2.2737367544323206e-13
2.2737367544323206e-13
-0.0024996339343488216
-0.0024992749094963074
-0.0012492779642343521
-0.002498556161299348
0.0012499967124313116
0.0012503559701144695
0.0024992746766656637
0.0024992746766656637
0.0024992746766656637
0.0037478338927030563
-0.0012496373383328319
0.0024996339343488216
7.186608854681253e-07
0.0
2.2737367544323206e-13
-0.0012499967124313116
0.0024985559284687042
-1.4373799785971642e-06
0.0012496373383328319
0.0012496374547481537
-0.0012499967124313116
-0.003748552408069372
0.0012503559701144695
1.4373799785971642e-06
0.0024985559284687042
0.0024992746766656637
0.0012503560865297914
0.0
0.0012496373383328319
3.5934499464929104e-07
0.0024996339343488216
0.0012499965960159898
0.0
-0.0012496373383328319
-0.0012499965960159898
0.00249927444383502
0.0012489187065511942
0.0024996339343488216
3.5933044273406267e-07
3.5934499464929104e-07
0.0012503559701144695
-3.5933044273406267e-07
2.2737367544323206e-13
0.0
-0.0049985493533313274
0.0012496374547481537
0.001249278080649674
2.2737367544323206e-13
-0.0012496373383328319
-0.0012503559701144695
-0.0012503560865297914
-0.0012492779642343521
0.0024996339343488216
3.5933044273406267e-07
-0.0012496374547481537
-3.5934499464929104e-07
-0.0037489118985831738
3.5934499464929104e-07
-0.0024985559284687042
0.0
-0.0024992749094963074
0.0012499967124313116
-0.0024996339343488216
0.0012492779642343521
-0.0024996339343488216
-7.186899892985821e-07
0.002499993424862623
7.186608854681253e-07
0.0012499967124313116
0.0017056316137313843
0.02318572998046875
-0.300323486328125
-0.095916748046875
0.265655517578125
0.08868408203125
0.0605926513671875
-0.443328857421875
0.1495208740234375
-20.6971435546875
-24.180004119873047
-311.05181884765625
-343.516845703125
57.00950241088867
-62.68885040283203
-691.880126953125
-379.0128173828125
15.955057144165039
-27.503610610961914
3.988198757171631
7.98637580871582
-49.91606903076172
31.11183738708496
-13.783834457397461
-50.119625091552734
77.1194076538086
-39.53872299194336
-13.055258750915527
99.47759246826172
-104.15864562988281
28.176136016845703
43.408782958984375
-89.41050720214844
0.7743750810623169
146.52369689941406
76.8800277709961
-41.18306350708008
31.312387466430664
191.31710815429688
147.33192443847656
147.21583557128906
256.29571533203125
262.2547912597656
-30.803131103515625
-7.1407318115234375
-37.467491149902344
16.025772094726562
3.6957249641418457
0.6927746534347534
0.8975359797477722
0.13134898245334625
0.698381245136261
0.5436670184135437
0.7744036912918091
0.39994919300079346
0.42041903734207153
0.8814613223075867
0.2894962430000305
0.870288074016571
0.5690068602561951
0.5454273223876953
0.41730737686157227
